110
24 49 21 46 18 43 44 50 12 37 9 34 6 36 3 28 0 25 40 22 47 13 15 16 41 39 38 10 35 7 32 4 29 51 26 1 23 31 20 45 17 42 14 19 11 48 8 33 5 30 2 27 
24 49 21 46 18 40 15 43 12 37 9 34 6 31 3 28 0 25 7 22 47 19 44 16 41 13 10 38 35 50 32 4 29 1 26 51 23 48 20 45 17 42 14 39 11 36 8 27 5 30 2 33 
44 49 21 46 18 43 15 40 12 37 9 7 6 45 3 28 0 25 50 22 47 19 32 16 41 13 38 10 35 51 24 34 29 1 26 4 23 48 20 2 17 42 14 39 11 36 8 33 5 30 31 27 
24 49 46 21 18 43 42 40 12 37 9 34 6 31 27 28 0 25 50 22 47 39 38 16 41 13 44 10 35 7 32 4 29 1 26 51 23 48 20 45 17 15 14 19 11 36 8 33 5 30 2 3 
24 33 21 46 18 43 15 40 12 47 9 34 6 31 3 28 0 25 50 17 37 19 44 16 41 13 38 10 35 7 32 4 29 1 26 51 23 48 49 45 22 42 14 11 39 36 8 20 5 30 2 27 
24 49 21 46 18 43 15 40 22 37 9 34 6 31 3 28 33 25 50 12 42 19 44 16 41 13 38 10 35 7 32 4 29 1 2 51 23 48 20 45 17 47 14 39 5 36 8 0 26 30 11 27 
24 49 21 18 46 43 15 40 12 37 9 34 6 31 3 28 0 25 50 22 47 14 44 16 41 13 38 7 35 10 32 4 29 1 26 51 23 48 20 45 17 42 19 39 11 36 8 33 5 30 2 27 
24 49 21 46 15 43 18 40 12 37 9 34 6 31 3 28 0 25 50 22 47 19 44 16 41 13 38 20 48 7 32 4 29 1 2 51 23 35 10 45 17 42 14 39 11 36 8 33 5 30 26 27 
29 37 21 46 18 33 15 40 32 49 3 34 6 31 9 28 0 25 22 50 47 19 44 16 1 13 38 10 35 7 12 4 24 41 26 51 23 48 20 45 17 42 14 39 11 36 8 43 5 30 2 27 
24 49 21 33 18 43 15 40 12 4 38 34 6 31 3 28 0 30 50 22 47 19 44 10 41 13 9 16 35 7 32 37 29 1 26 51 23 48 20 42 17 45 14 39 11 36 8 46 5 25 2 27 
24 49 21 46 18 43 15 40 32 37 9 34 6 31 3 28 0 25 50 17 47 19 44 16 41 13 38 10 35 7 12 4 29 27 26 51 23 48 20 45 11 42 14 39 22 36 8 33 5 30 2 1 
24 49 21 46 18 43 15 40 12 37 9 34 6 2 3 38 48 25 50 22 47 19 44 16 29 13 28 10 35 7 32 4 8 1 26 51 23 0 20 45 17 42 14 39 11 36 41 33 5 30 31 27 
34 25 21 46 18 43 15 40 12 37 9 24 6 31 51 28 0 49 50 22 19 47 38 4 41 13 44 10 35 7 32 16 29 1 26 3 23 48 20 45 17 42 11 39 14 36 8 33 5 30 2 27 
24 49 21 46 18 43 42 40 12 37 9 34 35 31 3 28 0 25 50 22 47 7 44 16 41 13 38 10 6 19 4 32 29 1 26 51 23 48 20 45 17 15 14 39 11 36 8 33 5 30 2 27 
24 49 21 46 18 43 15 40 32 11 9 34 6 31 3 28 0 25 50 22 47 19 44 16 41 13 38 10 35 7 12 4 29 1 2 51 23 48 20 45 17 42 14 39 37 36 8 33 5 30 26 27 
29 49 21 46 18 43 15 40 12 37 9 34 6 31 3 2 0 25 50 22 47 19 44 16 41 13 38 10 35 7 32 4 24 1 26 51 23 48 20 45 17 42 11 39 14 36 8 33 5 30 28 27 
24 49 47 36 21 43 15 40 12 32 9 34 6 31 3 28 13 25 50 22 18 19 44 16 41 0 37 10 35 7 38 4 1 29 46 51 23 48 20 45 17 42 14 39 11 26 8 33 5 30 2 27 
24 49 21 46 18 43 15 40 12 37 9 34 6 31 13 28 20 25 50 22 47 19 44 16 41 3 38 10 35 7 26 4 29 1 32 51 23 48 0 45 17 42 14 39 11 36 33 8 5 30 2 27 
24 49 21 46 23 43 15 28 12 37 9 34 6 11 3 40 0 25 50 22 47 19 44 16 41 13 38 10 35 7 8 4 29 1 26 51 20 48 18 45 17 42 14 39 31 36 32 33 5 2 30 27 
24 49 21 46 18 43 15 40 12 34 35 47 6 31 3 28 0 25 50 22 37 19 44 41 16 13 38 10 9 7 32 4 29 1 26 51 23 48 20 45 17 42 14 39 11 36 2 33 5 30 8 27 
24 49 21 46 31 43 15 40 12 37 9 34 6 51 3 28 0 25 50 22 47 19 41 16 44 13 38 10 29 36 32 4 35 1 26 18 23 48 20 45 17 42 14 39 11 7 8 33 5 30 2 27 
24 8 50 46 44 43 15 40 12 37 9 34 6 31 3 28 0 25 21 22 47 18 19 16 41 13 38 10 35 7 32 4 29 1 26 51 23 48 20 45 11 42 14 39 17 36 49 33 5 30 2 27 
24 49 21 46 18 2 15 40 12 37 9 31 6 34 3 28 0 25 50 22 47 19 44 16 41 13 38 10 35 17 32 4 29 1 26 51 23 48 20 45 7 42 14 39 11 36 8 33 5 30 43 27 
24 49 9 46 18 43 15 30 12 37 47 34 39 31 3 28 0 25 50 22 21 19 44 16 41 38 13 5 35 7 32 4 29 1 26 51 23 48 14 45 17 42 20 6 11 36 8 40 10 33 2 27 
24 49 21 46 18 43 48 40 12 37 9 34 6 31 3 28 0 25 10 22 47 19 44 42 41 13 50 38 35 7 32 4 29 1 26 39 23 15 20 45 17 51 14 16 11 36 8 33 5 30 2 27 
24 49 21 46 18 43 15 40 12 37 9 34 6 31 3 28 0 25 45 22 47 19 44 16 5 13 41 10 35 7 20 4 29 1 26 51 23 48 50 32 30 42 14 39 11 36 8 33 38 17 2 27 
24 49 21 46 18 43 15 40 12 37 9 34 6 31 3 28 0 38 25 22 47 19 44 16 41 13 50 10 35 7 32 4 29 1 26 51 23 48 20 45 17 42 14 39 11 36 8 33 5 30 2 27 
51 49 21 46 18 19 15 40 12 37 9 34 6 41 3 28 0 25 50 22 47 43 44 16 31 13 38 10 35 7 32 4 29 1 26 24 23 42 20 45 17 48 14 39 11 36 8 33 5 30 2 27 
29 49 21 46 18 43 15 40 12 37 9 34 6 31 3 28 0 22 50 47 25 48 44 16 41 13 38 10 35 7 32 4 24 1 26 51 23 19 20 45 17 42 14 39 11 36 8 33 5 30 2 27 
24 49 21 33 8 43 15 40 12 37 9 34 26 31 27 28 48 25 50 47 22 19 44 16 41 13 38 10 35 7 5 4 29 1 6 51 23 0 20 45 17 42 14 39 11 36 18 46 32 30 2 3 
21 49 24 46 18 43 15 40 12 37 9 34 6 31 26 28 0 25 3 22 47 19 44 16 41 13 38 36 35 32 7 45 29 1 50 51 23 48 20 4 17 42 14 39 11 10 8 33 5 30 2 27 
24 6 18 46 21 43 15 40 12 31 9 34 49 37 3 28 0 25 50 22 42 7 44 16 41 13 38 10 35 19 32 4 29 1 26 51 23 48 20 45 17 47 14 39 11 36 8 33 5 30 2 27 
30 49 21 46 18 43 15 40 12 10 9 34 6 31 3 28 0 25 50 38 47 19 44 16 41 13 51 22 35 7 32 4 29 1 26 37 23 48 20 45 17 42 14 39 11 36 8 33 5 24 2 27 
24 49 21 36 18 43 15 27 37 12 3 34 6 31 9 28 0 22 50 25 47 19 20 16 41 13 38 10 35 7 32 4 29 1 26 51 23 48 44 45 17 42 14 39 11 46 8 33 5 30 2 40 
24 49 21 13 45 43 15 40 12 37 9 44 6 31 3 28 0 25 50 22 47 19 34 16 41 46 38 10 35 7 32 4 29 1 26 51 23 48 20 18 17 42 14 39 11 36 8 33 5 30 2 27 
50 43 21 46 18 49 15 40 12 37 9 34 6 31 3 28 0 25 24 22 47 19 1 16 41 13 38 10 35 7 32 4 29 44 26 51 23 48 20 45 17 42 14 39 11 36 8 33 5 27 2 30 
27 49 21 46 18 43 15 40 12 37 9 34 6 31 3 28 0 25 2 22 47 19 44 42 41 13 38 10 35 7 32 4 29 1 51 26 23 48 20 45 17 16 14 39 11 36 8 33 5 30 50 24 
24 49 33 19 18 43 5 40 12 13 9 6 34 31 3 28 0 25 50 22 47 46 44 16 41 37 38 10 29 27 32 4 35 1 26 51 23 48 20 45 17 42 14 39 11 36 8 21 15 30 2 7 
24 49 21 46 16 43 15 40 12 37 9 34 11 31 3 18 25 0 50 22 47 19 44 42 41 13 38 10 35 7 32 4 29 1 26 51 23 48 20 45 17 28 14 39 6 36 8 33 5 30 2 27 
27 29 21 46 18 43 15 40 12 37 9 34 6 31 3 28 0 25 50 22 47 19 44 16 41 13 38 10 35 7 32 4 49 1 26 51 23 48 20 45 17 42 14 39 11 36 8 33 5 30 2 24 
24 20 21 41 18 43 15 40 12 37 19 28 6 31 3 34 0 25 50 22 47 36 44 16 46 13 38 10 35 7 32 4 29 1 26 51 23 48 49 45 17 42 14 39 11 9 8 33 5 30 2 27 
24 49 21 3 18 43 15 40 12 37 9 34 6 31 46 28 25 0 10 22 47 19 44 36 41 1 38 50 35 7 32 4 29 13 26 51 23 48 20 45 17 42 14 39 8 16 11 33 5 30 2 27 
24 49 16 46 18 43 15 40 12 37 9 14 6 31 3 28 0 51 50 22 47 19 44 4 41 13 38 20 35 7 32 21 29 1 26 25 23 48 10 45 17 42 34 39 11 36 8 33 5 30 2 27 
24 49 21 46 18 43 15 40 12 37 9 34 1 31 0 28 3 25 50 22 47 32 44 16 51 13 38 10 7 35 6 4 29 19 26 41 23 48 20 45 17 42 14 39 11 36 8 33 5 30 2 27 
24 49 21 46 18 43 15 40 12 37 9 34 6 31 3 28 0 25 50 22 47 19 39 13 41 16 38 36 35 7 32 4 29 1 26 51 23 48 20 45 17 42 14 44 11 10 8 33 5 30 2 27 
19 49 21 46 18 43 15 37 12 40 9 34 6 31 36 28 0 25 50 22 47 24 44 16 41 13 38 10 35 7 45 4 29 1 26 51 17 48 20 32 23 42 14 39 11 3 8 33 5 30 2 27 
24 49 21 46 18 43 15 40 12 37 9 34 6 31 3 28 0 25 50 22 47 19 44 16 41 13 38 10 45 7 32 4 29 1 26 51 23 48 20 35 17 42 14 39 11 36 8 33 5 30 2 27 
0 49 21 46 18 43 15 40 12 37 42 6 34 31 24 28 16 25 44 22 47 45 50 3 41 13 38 10 35 7 32 4 29 1 26 8 23 48 20 19 17 9 14 39 11 36 51 33 5 30 2 27 
24 49 21 46 18 43 2 40 38 37 9 34 6 31 3 28 0 1 50 10 47 19 44 16 41 13 12 22 35 7 32 4 29 25 26 51 23 48 14 45 17 42 20 39 11 36 8 33 5 30 15 27 
24 22 31 46 18 43 15 40 12 37 9 34 6 21 3 28 0 25 50 49 47 19 44 16 41 13 38 23 30 7 32 4 29 1 26 51 10 48 20 45 17 42 14 39 11 36 8 33 5 35 2 27 
24 49 21 46 18 43 15 40 12 37 9 6 34 31 3 25 0 28 50 22 47 19 44 16 41 13 38 10 35 7 32 4 29 1 26 51 11 42 20 45 17 48 14 39 23 36 8 33 5 30 2 27 
24 49 18 46 21 43 15 40 12 17 35 34 6 31 3 28 0 30 50 22 47 19 44 16 29 13 38 10 9 7 32 4 41 1 26 8 23 48 20 45 37 42 14 39 11 25 51 33 5 36 2 27 
24 49 21 46 18 43 15 40 12 37 9 34 1 31 3 28 0 25 50 30 47 19 44 22 41 13 38 16 35 7 32 4 29 10 26 51 23 48 20 45 17 42 14 39 11 36 8 33 6 5 2 27 
24 49 21 26 30 43 15 40 12 37 9 34 6 31 3 28 27 25 50 22 47 19 1 45 41 13 32 10 35 7 38 4 42 44 46 51 23 48 20 29 17 16 14 39 11 36 8 33 5 18 2 0 
24 9 21 46 23 43 15 40 12 37 49 34 6 31 3 28 0 25 50 16 47 19 44 22 41 13 38 10 35 7 32 4 29 1 26 51 18 48 20 45 17 42 14 39 11 36 8 33 5 30 2 27 
24 49 21 46 18 2 15 40 12 37 9 44 6 7 3 28 0 25 50 22 47 19 34 16 41 13 38 10 35 31 32 4 29 1 26 51 23 48 20 45 17 42 14 39 11 36 8 33 5 30 43 27 
24 49 26 46 18 43 39 40 12 37 9 34 6 31 3 28 0 25 50 22 47 19 44 16 41 13 38 10 35 7 32 4 29 1 21 51 23 45 20 48 17 42 14 15 11 36 8 33 5 30 2 27 
24 49 46 21 18 43 15 40 12 37 9 34 6 31 3 28 0 25 50 22 47 19 44 16 41 13 38 10 35 7 32 4 29 1 26 51 23 48 20 45 30 42 14 36 11 39 8 33 5 17 2 27 
37 49 21 46 18 48 15 40 39 24 9 34 6 31 3 28 0 45 50 32 47 19 44 16 13 41 38 10 35 7 22 4 5 1 26 51 23 43 20 25 17 42 14 12 11 36 8 33 29 30 2 27 
24 49 21 46 8 43 15 40 32 37 9 34 6 31 3 28 41 51 50 22 42 19 44 16 0 13 38 10 35 7 12 4 29 1 26 25 23 48 20 45 17 47 14 39 11 36 18 33 5 30 2 27 
50 49 21 46 38 43 15 40 12 37 9 5 6 31 8 28 25 0 24 22 47 19 18 16 41 13 44 10 35 7 32 4 29 1 26 51 23 48 20 45 17 42 14 39 11 36 3 33 34 30 2 27 
24 49 21 46 18 43 15 40 12 37 9 31 6 34 3 28 0 25 50 22 47 19 44 42 41 13 38 10 35 7 32 4 29 1 26 51 23 48 20 45 17 16 14 39 11 36 8 33 5 30 2 27 
24 49 21 46 18 43 15 40 12 37 9 34 6 31 3 28 0 50 25 22 47 19 44 16 41 13 38 10 8 7 32 4 29 1 26 51 23 48 20 45 17 42 27 39 11 36 35 33 5 30 2 14 
24 49 21 46 18 43 15 16 12 37 9 34 6 31 3 28 0 51 50 22 47 19 44 5 41 13 38 10 32 7 35 4 29 1 26 25 23 48 20 40 17 42 14 39 11 36 8 33 45 30 2 27 
24 49 21 46 18 43 20 40 12 37 9 34 3 31 6 28 0 25 38 22 47 19 15 36 41 13 32 10 35 7 50 4 29 1 26 51 23 48 44 45 17 42 14 39 11 16 8 33 5 30 2 27 
24 49 21 46 18 14 15 40 12 37 9 34 0 31 3 28 6 25 50 22 47 19 44 16 41 13 38 10 35 17 32 4 2 1 26 51 23 48 20 45 7 42 43 39 11 36 8 33 5 30 29 27 
24 49 21 46 18 43 39 40 12 37 9 34 6 36 3 28 0 25 50 22 47 19 44 16 41 13 38 10 35 7 32 4 29 1 26 11 51 48 33 45 17 42 14 15 23 31 8 20 5 30 2 27 
24 6 18 46 21 43 15 40 12 37 42 34 49 31 3 28 41 25 50 22 47 19 44 16 0 8 38 10 35 20 32 4 29 1 26 51 23 48 7 45 17 9 14 39 11 36 13 33 5 30 2 27 
24 6 21 46 18 43 15 40 12 37 9 34 49 31 3 28 0 25 50 22 47 19 44 16 41 13 38 10 35 7 32 4 29 1 26 51 23 20 48 45 17 42 14 39 11 36 8 33 5 30 2 27 
24 49 21 46 18 19 5 40 12 32 9 34 6 31 3 28 0 25 50 22 47 16 44 43 41 13 38 4 35 7 17 10 29 1 26 51 23 48 20 45 37 42 39 11 14 36 8 33 15 30 2 27 
24 49 21 46 13 43 15 40 12 37 42 34 6 31 3 28 0 25 50 10 47 19 44 16 41 18 38 22 35 7 32 4 29 1 26 51 23 48 20 45 30 9 14 39 11 36 8 33 5 17 2 27 
24 49 21 46 18 43 44 40 12 37 4 34 6 19 3 28 33 25 10 22 47 31 15 16 41 39 38 50 35 7 32 9 29 1 26 51 23 48 20 45 17 42 14 13 11 36 8 0 5 30 2 27 
24 23 21 46 18 43 15 35 12 8 9 34 6 31 3 28 0 25 50 22 47 29 38 16 13 41 44 10 40 7 32 4 19 1 26 51 49 48 20 45 17 42 14 39 11 36 37 33 5 30 2 27 
24 21 36 46 18 43 15 40 12 37 9 34 6 31 3 28 50 25 0 22 47 19 44 16 41 13 38 10 35 7 32 45 2 1 26 51 23 48 20 4 17 42 14 39 11 49 8 33 5 30 29 27 
24 49 21 46 18 43 15 40 39 37 38 34 6 44 3 28 0 25 50 22 47 19 31 10 41 13 9 16 35 7 32 4 29 1 26 51 23 48 20 45 17 42 14 12 11 36 8 5 33 30 2 27 
24 49 21 6 18 43 15 40 12 37 9 34 46 31 3 28 0 25 50 22 47 19 44 16 41 7 38 10 35 13 29 4 32 1 26 51 33 48 45 20 17 42 14 39 11 36 8 23 5 30 2 27 
24 49 21 46 18 43 15 40 12 37 33 34 6 31 3 28 0 25 50 32 47 19 4 16 41 13 38 36 35 7 22 44 29 1 26 51 23 48 20 45 17 42 14 39 11 10 8 5 9 30 2 27 
24 2 21 46 18 43 15 40 12 37 9 34 6 3 36 28 0 25 50 22 47 19 44 16 41 13 38 10 35 7 8 4 29 1 26 51 23 48 20 45 17 42 14 39 11 31 32 33 5 30 49 27 
24 49 21 46 13 43 15 40 12 37 9 34 6 31 3 28 0 25 50 22 7 19 44 16 41 18 38 10 35 47 32 4 1 29 26 51 23 48 20 45 17 42 14 39 11 36 8 33 5 30 2 27 
24 37 21 22 18 43 15 40 12 49 9 34 3 6 31 28 0 25 50 46 47 19 44 16 51 13 38 10 35 7 32 4 29 1 26 41 23 48 20 45 17 42 14 39 11 36 8 33 5 30 2 27 
24 1 21 46 18 43 15 40 12 37 9 34 6 31 3 28 0 25 50 22 47 19 20 16 41 13 38 10 35 7 32 4 29 49 26 51 23 48 44 45 17 42 14 39 11 36 8 33 5 30 2 27 
24 49 21 46 18 43 15 40 12 37 9 44 11 31 3 28 0 25 50 22 47 19 34 16 41 13 38 10 35 7 32 4 29 1 51 26 23 48 20 45 17 42 14 39 6 36 8 33 5 30 2 27 
24 49 21 46 18 43 15 40 12 37 9 34 6 31 3 28 0 25 50 22 47 19 44 16 41 38 13 10 2 4 32 7 29 1 26 51 23 48 20 45 17 42 14 39 11 36 8 33 5 30 35 27 
24 49 21 46 18 43 15 7 40 37 9 34 6 31 3 28 0 25 50 22 47 44 19 16 41 13 38 20 35 12 29 4 32 1 26 51 23 48 10 45 17 42 14 39 11 36 8 33 5 30 2 27 
24 49 21 46 18 38 15 40 12 37 9 34 6 31 3 28 0 25 50 47 22 19 44 16 41 13 43 10 35 7 32 27 29 1 26 51 17 48 20 45 23 42 4 39 11 36 8 33 5 30 2 14 
24 49 31 33 18 43 15 40 12 8 9 7 6 21 3 28 0 25 30 22 47 19 44 16 41 13 38 10 35 34 32 4 29 1 26 51 23 48 20 45 17 42 14 39 11 36 37 46 5 50 2 27 
24 49 21 46 18 43 15 40 12 37 9 34 6 31 3 28 27 25 50 22 41 19 44 16 47 35 13 10 38 7 32 4 29 1 26 51 23 48 20 45 17 42 14 39 11 36 8 33 5 30 2 0 
24 49 21 46 18 43 15 40 12 4 16 34 9 31 3 28 0 25 50 22 47 19 44 41 6 13 38 10 35 7 32 37 29 1 26 51 23 48 20 45 17 42 14 39 11 36 8 33 5 30 2 27 
24 49 21 46 18 43 15 40 45 37 9 34 0 31 3 28 6 25 23 22 47 19 44 16 41 10 38 13 30 7 32 4 29 1 26 39 50 48 20 12 27 42 14 51 11 36 8 33 5 35 2 17 
24 29 21 46 18 43 15 40 12 37 9 34 30 31 28 3 0 25 38 22 47 19 44 16 41 13 50 10 35 7 32 17 49 1 26 51 23 48 20 45 4 42 14 39 11 36 8 33 5 6 2 27 
24 49 21 46 18 43 15 40 6 13 9 34 12 31 3 28 0 25 50 22 47 19 44 16 41 37 38 10 35 7 32 4 1 29 26 51 23 48 20 45 17 42 14 39 11 36 8 33 5 30 2 27 
24 8 21 46 18 43 15 40 12 37 9 34 6 31 36 28 0 25 50 22 47 19 44 16 41 13 38 10 35 7 32 4 29 1 26 51 23 48 20 45 11 42 14 39 17 3 49 33 5 30 2 27 
24 49 21 46 18 43 15 40 12 37 22 34 6 5 3 23 0 25 50 9 14 19 44 16 41 13 38 10 35 7 32 4 29 1 26 51 28 48 20 45 11 42 47 39 17 36 33 8 31 30 2 27 
24 6 1 46 18 43 44 40 12 37 9 29 49 3 31 28 0 25 50 22 47 19 38 16 41 13 15 10 35 7 32 4 34 48 26 51 23 21 20 45 30 42 14 39 11 36 8 33 5 17 2 27 
24 49 21 46 18 17 15 45 12 37 9 34 6 31 50 28 0 1 3 22 47 19 4 16 41 13 38 10 35 7 32 44 29 25 26 51 23 48 20 40 43 42 14 39 11 36 8 33 5 30 2 27 
24 49 21 46 18 15 43 40 12 37 9 34 6 26 3 28 0 25 50 22 47 19 44 16 41 13 38 10 35 7 32 4 29 1 31 51 23 48 20 45 17 42 14 39 11 36 8 33 5 30 2 27 
24 36 21 41 18 43 15 40 12 37 42 34 6 31 3 28 0 25 50 22 35 48 44 16 46 13 38 10 47 7 32 4 29 1 26 51 23 19 20 45 17 49 14 39 11 9 8 33 5 30 2 27 
24 49 21 46 18 43 15 40 12 37 9 10 6 28 3 31 0 25 50 22 47 45 44 41 16 13 38 34 35 7 32 4 29 1 26 51 23 48 20 19 17 42 14 39 11 36 8 33 5 30 2 27 
24 49 21 46 18 43 15 40 12 47 9 1 6 31 3 28 0 25 44 22 50 19 37 16 36 13 14 10 35 7 32 4 29 34 39 26 23 48 20 45 17 42 38 51 11 41 8 33 5 30 2 27 
24 49 21 46 23 43 15 11 45 37 9 31 6 34 3 28 0 25 50 22 47 19 4 16 41 13 38 10 35 7 32 44 29 1 26 51 18 48 14 12 17 42 20 39 40 36 8 33 5 30 2 27 
24 49 21 46 6 43 15 40 12 37 34 9 18 31 3 28 0 25 50 22 47 19 44 16 41 13 38 10 35 7 32 4 29 1 26 51 23 48 20 45 17 42 14 39 11 36 8 33 5 30 2 27 
12 49 21 46 18 43 15 40 24 37 9 34 6 31 8 28 0 25 50 22 47 19 44 16 41 13 38 10 35 7 5 4 29 1 26 51 23 48 20 2 17 42 14 39 11 36 3 33 32 27 45 30 
24 49 21 46 18 43 15 40 12 13 9 7 6 31 3 28 0 25 50 22 47 19 44 16 41 37 38 10 35 34 32 4 29 1 45 26 23 48 20 42 17 39 14 51 11 36 8 33 5 30 2 27 
24 49 21 46 18 43 15 40 19 37 12 34 6 31 3 28 0 25 50 22 47 9 44 16 8 13 38 10 35 7 32 4 29 48 26 51 23 1 20 45 17 2 14 39 11 36 41 33 5 30 42 27 
24 49 21 13 18 43 15 40 12 37 36 34 6 31 3 28 0 25 50 10 47 19 44 16 9 46 38 22 35 7 32 51 5 41 23 4 26 48 20 45 17 42 14 39 11 1 8 33 29 30 2 27 
24 49 21 18 46 48 15 40 12 37 9 34 6 31 3 28 0 25 50 22 47 19 32 16 41 13 38 10 35 7 44 4 29 1 26 51 23 43 20 45 17 42 14 39 11 36 8 33 5 30 2 27 
24 49 21 46 18 43 15 35 12 37 9 34 16 7 3 28 0 25 50 22 47 19 44 6 41 13 38 10 40 31 32 4 29 1 14 51 23 48 20 45 17 42 26 39 11 36 8 33 5 30 2 27 
4 39 21 18 46 43 15 40 12 37 9 34 6 31 3 2 0 25 50 22 47 19 44 16 41 13 38 10 35 7 32 24 29 1 26 51 23 48 20 45 17 42 14 36 11 49 8 33 5 30 28 27 
24 16 8 5 18 43 15 40 12 37 9 34 6 31 32 28 0 35 50 22 47 19 44 49 41 7 38 10 25 13 3 1 29 4 26 51 23 48 20 45 17 42 14 39 11 36 21 33 46 30 2 27 
24 49 28 17 18 43 15 40 12 37 9 33 6 31 3 34 38 0 23 22 47 19 44 16 41 13 25 10 35 7 32 14 29 1 26 51 50 48 20 45 46 42 4 39 11 36 8 21 5 30 2 27 
