8
00000000
00000000
00001111
00001111
00011111
00111111
00111100
00111000
-8
9 14 17 22 23 44 63 69 88 94 113 -1
2
00
00
-4
0 -1
-64
209 363 409 534 959 1059 1072 1184 1488 1684 1813 2113
2209 2213 2309 2438 2713 2738 2838 2938 3063 3931 3944 3982
3983 3984 4031 4038 4049 4056 4122 4193 4196 4209 4214 4224
4238 4297 4298 4321 4331 4334 4338 4343 4363 4531 4556 4609
4656 4681 4709 4746 4821 4822 4834 4838 4849 4863 4922 4934
4944 4946 4949 4957 4961 4963 4967 4983 4988 4998 5167 5196
5198 5249 5294 5318 5321 5358 5447 5543 5561 5583 5794 5821
5842 5857 5873 5919 5956 5957 5983 6043 6056 6057 6069 6072
6082 6089 6117 6208 6221 6239 7042 7048 7056 7067 7108 7109
7122 7156 7181 7184 7236 7288 7297 7306 7334 7338 7339 7349
7363 7416 7421 7438 7448 7457 7459 7463 7468 7488 7498 7656
7681 7711 7734 7746 7749 7781 7833 7834 7848 7856 7857 7868
7916 7921 7933 7941 7948 7959 7963 7983 7988 8036 8041 8046
8047 8049 8066 8088 8113 8123 8289 8299 8311 8332 8338 8368
8371 8374 8432 8537 8572 8573 8591 8666 8671 8673 8699 8708
8913 8946 9033 9099 9108 9161 9166 9168 9171 9172 9173 9191
9206 9207 9234 9291 9297 9316 9323 9332 9333 9358 9364 10217
10238 10247 10248 10317 10336 10338 10344 10356 10357 10368 10438 10441
10446 10449 10469 10492 10494 10536 10541 10547 10563 10569 10571 10582
10594 10619 10798 10838 10858 10871 10874 10923 10932 10963 10991 11047
11063 11071 11072 11093 11094 11119 11168 11219 11244 11411 11419 11431
11441 11446 11447 11482 11496 11546 11547 11557 11571 11572 11592 11599
11623 11671 11681 11691 11694 11696 11707 11713 11796 11809 11816 11821
11824 12036 12038 12047 12068 12071 12072 12172 12174 12224 12309 12321
12322 12332 12333 12341 12422 12423 13281 13338 13363 13373 13408 13424
13446 13463 13473 13493 13563 13593 13594 13608 13619 13664 13666 13671
13672 13683 13688 13696 13698 13699 13707 13719 13734 13744 13924 13963
13973 13993 14031 14059 14081 14082 14088 14111 14162 14166 14171 14182
14188 14191 14197 14198 14219 14244 14291 14297 14316 14336 14344 14346
14369 14536 14547 14558 14566 14571 14572 14588 14666 14672 14706 14711
14724 14733 14786 14794 14796 14798 14807 14814 14816 14824 14848 14859
14916 14941 14971 14989 15164 15166 15172 15173 15191 15197 15207 15224
15248 15291 15297 15306 15316 15317 15321 15324 15343 15416 15422 15431
15434 15441 15464 15541 15548 15558 15566 -1
0

