8 12
1 3
3 4
4 5
5 2
1 4
1 5
2 6
6 7
7 8
8 1
2 7
2 8
4 5
1 3
3 2
1 4
4 2
2 1
9 14
1 7
1 3
7 4
3 4
4 5
4 6
5 2
6 2
3 9
9 1
2 8
6 3
8 3
8 9
4 5
1 3
3 1
3 2
2 4
4 2
8 10
1 3
3 4
4 2
2 5
5 6
6 1
8 7
7 8
8 2
2 8
8 12
1 3
3 4
4 2
2 5
5 6
6 1
1 7
7 1
8 7
7 8
8 2
2 8
2 1
1 2
6 7
1 3
3 4
4 5
5 1
4 2
2 6
6 3
9 11
1 3
3 4
4 2
2 5
5 3
3 6
6 1
2 7
7 8
8 9
9 1
12 10
1 2
2 3
3 4
4 5
5 6
6 7
7 8
8 9
9 10
10 1
16 144
3 9
10 3
1 14
6 10
12 2
10 9
11 6
12 11
16 11
3 1
14 12
5 10
15 7
1 15
9 16
6 12
8 16
14 8
13 4
2 8
5 11
16 15
10 16
16 3
8 5
12 6
11 12
4 3
11 10
14 3
9 12
10 5
15 11
13 3
2 5
7 11
4 12
6 4
14 13
8 9
3 2
4 6
4 14
15 2
16 7
13 10
4 8
13 9
3 14
14 9
8 1
4 1
10 11
2 16
1 9
7 13
7 6
9 3
14 11
1 11
12 7
5 15
8 15
4 5
11 4
13 1
2 6
4 10
9 1
4 9
14 5
3 15
14 2
15 1
11 7
15 12
5 14
2 7
16 6
8 6
12 10
6 5
9 6
13 6
6 1
1 7
14 15
10 8
2 13
3 8
6 14
2 10
16 14
15 6
9 5
6 9
11 3
8 12
5 4
1 8
6 7
1 5
15 16
2 14
3 12
7 1
13 5
3 16
7 8
7 10
14 7
7 16
9 11
9 10
5 1
1 16
10 4
6 16
10 7
7 3
11 1
2 12
12 13
13 15
15 10
4 15
5 8
16 4
8 13
7 12
6 8
7 2
4 13
10 14
15 13
15 3
11 15
6 15
16 10
1 6
7 5
8 4
10 6
1 13
40 99
1 4
1 16
2 4
2 14
2 17
3 7
3 21
3 27
4 5
4 7
4 22
4 32
4 33
4 38
5 3
5 4
5 13
5 26
6 23
7 15
7 25
7 34
8 21
8 23
9 7
9 39
10 13
10 22
10 25
11 3
11 4
11 18
11 27
12 6
13 5
13 19
13 33
13 36
13 40
14 19
14 27
15 36
16 8
16 30
17 5
17 13
17 21
18 2
18 33
19 20
19 38
20 25
20 26
21 23
21 34
21 37
22 9
22 27
23 10
23 17
23 20
24 13
24 30
25 9
25 10
25 11
25 13
25 24
25 29
26 14
26 25
27 1
27 2
27 30
27 32
29 4
30 3
30 31
30 36
31 24
32 25
32 40
33 1
33 16
33 25
33 38
34 2
34 10
36 8
36 11
36 33
37 5
37 11
38 4
38 12
38 17
39 18
40 25
40 37
40 60
1 30
1 34
24 37
3 33
3 35
4 30
5 28
5 31
6 1
6 25
7 6
9 3
10 14
10 26
11 24
12 14
14 5
14 26
15 1
15 31
16 18
16 37
17 22
18 4
18 20
19 18
19 39
20 21
21 34
22 15
23 40
2 5
25 27
26 3
26 36
27 6
27 29
28 36
29 15
29 19
30 35
30 39
31 11
31 40
32 27
32 33
33 7
33 19
34 10
34 29
35 16
35 32
36 12
36 23
37 17
37 2
39 16
39 32
40 9
40 10
30 32
1 27
2 12
21 14
21 7
6 25
10 20
10 13
4 30
27 6
25 21
14 1
7 3
3 23
23 16
16 24
24 18
18 19
19 28
28 4
30 10
20 6
13 29
29 2
12 17
17 11
11 26
26 5
5 15
15 8
8 22
22 9
9 4
70 74
1 13
2 65
53 51
53 36
45 66
26 39
26 49
44 12
13 33
33 14
14 18
18 6
6 19
19 17
17 10
10 45
66 53
66 48
51 52
52 28
28 67
67 63
63 59
59 57
57 35
35 5
5 48
48 54
54 24
24 41
41 22
22 70
70 40
40 62
62 8
62 20
8 1
36 20
20 16
16 25
25 60
60 3
3 30
30 11
11 21
21 4
4 44
12 56
56 69
69 34
34 55
55 27
27 23
23 58
58 61
61 38
38 7
7 47
47 26
39 50
50 68
68 15
15 43
43 9
9 31
31 42
42 64
64 46
46 45
49 37
37 29
29 32
32 2
65 44
100 113
1 20
2 55
15 89
15 71
72 38
76 28
76 49
65 97
93 60
93 70
86 79
100 17
100 57
69 18
23 19
23 35
40 54
32 41
32 34
81 61
24 6
24 31
75 25
13 9
13 67
29 82
43 21
43 30
4 16
20 72
38 74
74 52
52 15
89 3
3 1
71 8
8 65
8 6
97 76
28 72
28 9
49 36
36 86
79 93
60 10
10 5
5 92
92 88
88 66
66 58
58 27
27 65
70 22
22 98
98 96
96 69
18 12
12 59
59 100
17 84
84 90
90 99
99 85
85 86
57 40
54 23
19 33
33 69
35 91
91 87
87 73
73 11
11 47
47 46
46 81
61 63
63 32
41 42
42 53
53 14
14 83
83 40
34 80
80 50
50 78
78 75
25 44
44 24
6 81
31 26
26 48
48 29
48 73
48 68
82 13
9 51
51 77
77 62
62 56
56 95
95 45
45 39
39 75
67 94
94 4
16 68
68 37
37 64
64 43
21 7
7 29
30 2
55 4
100 158
1 39
2 16
54 52
54 18
54 35
54 56
28 87
41 65
41 67
41 69
97 15
97 82
33 86
33 40
68 43
70 29
70 69
9 47
9 12
55 77
55 42
55 89
55 49
53 56
96 90
96 78
72 59
72 5
8 32
8 13
23 21
30 79
30 74
36 46
36 82
50 34
50 84
93 25
39 73
39 22
73 28
73 60
73 57
87 3
3 47
3 86
47 33
47 62
62 54
52 68
52 99
52 15
99 63
63 1
18 91
91 54
91 97
91 39
15 46
46 14
46 12
14 98
98 10
10 70
10 100
100 64
64 48
48 44
48 11
44 41
65 17
17 62
17 83
17 4
83 97
83 35
35 60
60 28
60 10
67 27
27 77
77 57
57 68
43 83
43 61
43 79
61 33
61 73
86 59
86 79
59 6
6 60
6 92
92 97
40 9
12 70
29 68
69 53
56 36
56 76
76 55
76 19
42 38
38 68
38 11
11 45
11 4
11 16
45 9
45 44
89 35
89 80
80 72
5 96
90 40
90 94
94 66
66 75
75 53
75 30
78 1
78 19
19 81
81 27
81 26
26 23
21 88
88 17
88 51
51 45
51 95
95 40
95 85
85 58
58 4
4 71
71 61
71 31
31 8
32 72
13 1
13 50
13 22
22 36
82 30
79 20
20 37
37 64
37 24
24 49
49 23
74 93
25 7
7 50
7 74
34 36
84 2
16 93
100 128
1 84
2 74
52 98
52 25
37 57
79 77
79 53
80 75
63 67
63 96
8 24
9 91
9 28
17 27
22 85
22 93
20 78
70 11
70 61
30 88
97 65
97 62
38 45
51 90
51 49
59 7
58 48
58 86
55 33
13 42
13 3
12 10
32 95
32 34
100 43
23 83
23 19
41 68
69 82
69 35
60 71
94 31
94 47
44 15
14 72
14 89
76 40
21 73
21 26
56 81
29 46
29 99
92 5
64 16
64 36
66 6
39 54
39 18
87 50
84 37
57 52
98 1
25 80
75 79
77 37
53 8
24 63
67 80
96 17
96 75
27 9
91 8
28 20
78 22
85 17
93 30
88 17
88 70
11 20
61 38
45 97
65 30
65 96
62 59
7 51
90 38
49 55
33 58
48 59
86 12
10 13
42 55
3 100
43 32
95 12
34 41
68 23
83 100
19 60
71 69
82 41
35 44
15 94
15 4
31 70
31 60
47 76
40 14
72 44
89 56
81 4
4 21
73 76
26 92
5 29
46 56
46 95
99 66
6 64
6 19
16 92
36 87
50 39
54 66
18 2
74 41
74 87
74 25
100 110
1 96
2 76
96 55
55 11
11 37
37 25
25 98
98 52
52 46
46 64
64 43
43 12
12 28
28 9
9 14
9 69
14 39
39 89
89 32
32 88
88 91
91 95
95 93
95 78
93 72
72 27
27 42
42 82
82 17
17 23
17 33
23 26
26 3
3 22
22 44
44 31
31 47
47 87
87 84
84 2
76 34
34 61
61 73
73 90
90 94
94 71
71 81
81 15
81 45
15 16
16 58
58 51
51 92
92 77
77 63
63 18
63 62
18 8
8 40
40 97
97 33
33 50
50 45
45 19
19 79
79 95
79 69
69 36
36 83
83 62
62 7
7 74
74 78
78 38
38 29
29 68
68 60
60 54
54 10
10 80
80 86
86 24
24 100
100 67
67 57
57 59
59 10
59 70
70 30
30 66
66 70
66 20
20 35
35 99
99 56
56 41
41 6
6 58
6 5
5 49
49 65
65 13
13 2
13 21
21 53
53 85
85 4
4 75
75 48
48 1
2 2
1 2
2 1
7 8
1 3
3 5
5 6
6 2
2 7
7 5
5 4
4 1
0 0