1 17
1 3 17
2 65 57
2 2 57 5 122
3 9 13 33
3 5 33 2 42 2 55
4 53 69 49 37
4 5 37 1 86 4 139 1 208
5 41 13 13 77 41
5 4 13 2 26 5 103 2 144 5 185
6 73 77 21 65 45 57
6 2 45 2 66 3 131 2 188 1 265 5 338
7 33 69 25 29 41 57 73
7 1 57 1 82 3 111 5 152 1 225 4 258 4 327
8 37 21 17 49 61 81 53 5
8 4 61 3 110 2 127 5 180 1 261 4 266 2 303 3 324
6 53 69 9 5 29 9
0
2 21 81
5 2 67 5 35 3 90 3 116 2 157
6 17 81 21 37 49 53
4 4 47 1 113 2 61 4 108
6 49 9 65 81 37 21
2 4 29 5 37
5 61 33 69 17 49
6 4 150 3 11 2 46 1 78 3 86 4 112
3 17 49 37
2 4 32 4 70
3 5 21 77
5 5 28 1 101 1 112 3 14 5 60
7 81 61 29 41 13 13 21
2 5 67 2 26
7 81 17 29 37 5 13 49
3 1 40 1 48 2 35
5 13 25 37 69 13
3 5 29 2 76 5 117
4 37 49 57 49
1 4 23
7 17 81 9 81 69 81 57
7 1 113 2 151 2 78 1 236 5 189 3 44 4 58
5 41 69 45 13 33
3 2 23 5 46 2 90
1 49
1 1 20
5 45 21 77 5 21
2 2 26 5 73
5 53 45 25 25 13
0
4 13 77 57 77
7 1 174 5 142 5 72 2 52 1 20 3 119 5 182
2 9 33
4 5 99 3 47 2 146 2 91
3 37 41 53
3 4 14 4 28 4 42
6 45 61 33 29 37 41
8 3 68 3 150 1 194 2 20 4 238 5 43 1 115 2 57
5 37 33 45 37 69
2 5 58 5 11
3 17 5 9
3 1 42 5 11 1 25
8 41 41 21 25 41 17 65 73
3 5 117 4 35 1 79
8 41 45 13 5 9 41 29 53
3 4 38 2 84 1 79
2 33 73
8 3 149 1 45 2 62 2 73 4 32 2 37 3 120 2 154
1 57
2 2 26 1 52
1 53
5 2 32 4 52 4 69 2 101 5 148
1 29
0
5 73 25 81 73 77
1 4 20
3 73 41 17
8 4 81 4 40 4 98 2 153 4 158 5 175 5 121 4 26
7 57 33 49 13 13 45 53
1 1 8
2 61 49
2 2 34 1 26
7 77 25 9 69 69 13 49
8 3 188 3 116 2 165 2 32 3 151 3 193 5 70 3 87
7 5 77 25 17 41 21 49
2 1 67 5 20
6 57 77 25 13 13 13
1 4 11
7 57 29 57 17 61 61 57
7 5 180 2 200 3 99 4 119 4 47 1 148 1 58
3 69 17 65
7 5 101 5 64 1 139 4 162 1 69 1 176 5 35
1 29
1 2 44
6 5 69 65 45 77 49
1 2 41
4 45 21 53 33
0
3 17 53 77
1 3 35
7 57 61 81 13 33 21 13
3 4 46 2 63 4 5
8 13 17 9 37 17 21 53 13
5 2 60 5 37 2 71 4 76 3 32
8 29 73 5 21 37 61 77 49
3 2 23 5 37 1 57
1 41
7 5 32 3 37 4 142 2 180 3 197 1 81 5 128
7 45 49 57 73 61 9 9
7 1 173 3 112 2 34 3 153 2 74 1 14 4 63
4 13 73 17 69
4 3 17 2 28 1 86 2 45
6 25 45 45 17 61 69
7 2 43 4 120 3 8 3 140 1 84 4 89 1 103
3 57 37 13
3 3 14 5 49 2 90
6 37 81 77 37 45 57
8 3 86 3 131 2 46 4 172 5 69 2 112 2 120 5 41
1 57
5 1 44 3 85 3 146 3 120 4 178
7 61 9 81 25 73 61 9
4 1 11 3 45 3 53 4 37
8 49 21 45 17 49 53 73 73
0
4 49 5 33 69
7 2 73 2 209 1 35 4 78 5 119 3 154 5 162
4 9 53 77 41
3 1 28 5 66 5 8
7 17 81 41 65 53 9 57
2 2 52 5 5
8 65 73 57 57 77 41 65 65
4 4 88 2 126 3 161 1 44
6 45 17 45 5 61 65
8 2 203 4 17 4 107 5 235 2 139 2 186 3 43 3 90
2 37 49
0
3 33 77 69
8 3 147 4 29 4 173 5 178 4 136 4 40 1 66 5 92
3 13 21 81
4 2 5 5 119 4 43 4 84
6 49 45 5 25 45 57
8 1 196 5 80 5 8 5 57 5 22 4 191 4 121 3 153
8 41 81 49 81 21 13 45 29
5 5 82 3 140 3 117 4 163 3 35
3 21 81 81
3 5 44 5 117 5 88
7 65 65 33 57 41 45 33
7 2 93 5 110 2 52 2 26 1 115 5 135 4 155
3 5 25 13
6 4 81 2 26 3 58 3 98 2 136 1 180
7 61 17 73 57 21 73 53
3 2 126 5 38 1 79
7 65 41 81 9 69 53 49
5 3 118 4 70 1 99 5 110 4 35
3 45 61 37
6 1 157 3 171 2 35 3 73 2 99 4 146
3 65 5 9
0
5 61 77 25 69 53
4 4 116 2 5 3 46 5 69
7 69 45 33 61 57 73 81
7 1 20 4 182 2 145 1 162 1 55 2 96 1 107
5 69 5 81 17 65
2 5 47 2 76
6 45 81 21 25 29 13
3 3 75 2 20 5 52
4 37 33 61 81
4 5 110 4 29 5 37 1 81
3 77 53 17
6 4 14 3 89 4 106 3 34 3 132 2 54
7 81 73 5 57 73 53 17
6 2 207 4 35 5 143 3 73 4 99 1 190
6 25 73 5 73 37 41
3 2 47 1 93 1 76
3 29 53 69
2 5 17 1 34
4 37 69 33 57
0
3 13 29 41
7 1 172 2 49 1 134 5 192 2 14 4 203 4 93
7 53 61 33 45 61 41 69
0
8 69 21 13 25 49 69 9 17
2 3 82 1 41
1 5
2 4 23 4 67
3 45 69 17
2 1 23 5 46
5 45 57 57 81 5
7 4 17 2 31 2 107 4 75 4 118 5 135 1 155
7 41 29 33 53 49 5 49
3 4 40 2 81 5 14
4 77 69 61 17
2 1 73 5 47
8 45 73 53 41 41 17 45 53
5 4 11 1 110 2 151 2 28 1 75
5 73 21 33 17 5
8 3 42 1 131 2 77 4 88 3 23 3 178 2 102 4 31
4 13 37 65 77
7 4 64 2 87 5 147 5 35 1 104 5 173 3 118
7 61 81 9 13 57 9 77
8 1 51 4 184 1 68 1 23 3 161 5 94 5 37 1 141
7 77 69 45 5 29 61 57
2 2 26 5 46
8 53 29 21 57 77 69 33 45
0
1 41
3 4 22 1 60 1 14
6 45 29 53 77 81 25
7 5 161 5 31 4 120 4 5 1 83 1 112 5 57
6 17 5 45 9 25 37
3 3 60 4 5 5 40
7 49 17 5 5 61 77 13
4 4 46 1 72 5 26 1 89
1 33
7 1 66 5 107 3 133 5 177 4 31 4 200 3 5
1 73
6 3 26 5 162 1 130 5 110 5 61 5 93
7 45 53 13 77 21 17 9
8 2 98 2 46 4 184 2 63 2 8 5 133 1 138 2 179
1 9
1 2 17
8 81 73 69 5 81 45 33 29
1 3 23
6 69 65 57 73 29 81
4 3 41 5 137 2 90 4 52
7 25 13 45 33 9 69 61
8 1 82 2 47 5 124 5 111 4 162 3 116 1 167 4 172
7 17 41 45 49 65 5 29
5 5 145 5 131 2 32 2 43 5 90
3 69 69 21
4 5 23 1 99 1 104 2 55
3 37 77 21
1 4 47
1 41
4 3 23 3 84 1 49 1 125
1 33
6 3 162 3 108 2 116 4 142 5 26 3 64
4 65 9 57 33
3 3 64 4 44 3 81
2 13 57
0
5 49 69 45 81 9
4 5 40 2 60 3 32 2 65
8 61 33 21 73 49 21 45 21
4 2 87 1 43 2 119 5 29
1 65
6 4 74 1 8 1 54 2 109 4 120 1 40
1 37
8 2 92 1 130 4 205 2 153 1 200 2 43 5 57 1 38
6 21 17 53 65 49 57
1 1 11
1 69
5 5 44 2 172 1 79 4 123 2 146
4 21 81 69 33
2 5 32 2 46
3 25 77 53
1 4 29
6 21 45 9 33 33 77
1 5 20
4 57 81 33 53
8 1 140 2 51 5 83 3 166 4 102 4 97 5 20 2 40
7 9 69 33 37 37 13 49
7 3 44 3 171 2 209 1 90 3 73 3 134 4 154
1 29
8 5 167 1 196 1 23 4 153 2 136 1 70 3 90 1 101
1 37
3 3 90 5 20 4 67
3 77 21 61
3 1 78 4 40 4 23
7 25 45 9 73 49 41 37
7 3 156 3 173 1 49 5 75 5 26 2 95 4 112
7 13 53 33 69 9 77 25
7 1 135 4 45 3 88 1 50 3 182 4 8 1 31
2 21 65
0
7 49 53 13 41 25 25 21
2 3 37 2 8
6 41 61 21 69 37 9
6 2 5 3 34 3 100 5 129 2 42 2 68
5 77 69 57 65 33
8 2 110 5 136 5 32 2 58 5 147 1 158 4 75 4 163
8 77 69 73 57 65 17 65 81
8 1 80 1 48 4 167 5 97 4 5 1 22 5 132 4 208
5 53 33 33 81 81
3 1 29 1 76 5 105
7 49 37 13 37 73 29 37
1 5 32
3 33 45 33
4 2 23 4 70 2 93 2 122
6 77 13 81 29 25 81
3 3 102 4 91 2 47
7 81 49 53 13 53 21 29
7 5 45 3 62 4 99 5 128 4 91 2 5 1 16
7 61 61 13 81 69 61 65
2 1 67 3 20
3 17 65 17
1 3 11
5 5 37 69 29 41
5 3 64 1 125 1 96 2 166 3 41
6 9 37 21 73 29 77
0
8 57 81 29 41 73 65 29 45
1 3 20
5 57 53 61 17 29
0
5 17 29 17 73 61
6 5 120 5 94 3 210 5 137 5 47 2 181
6 37 33 45 61 81 69
0
2 49 29
1 3 5
1 73
6 4 145 1 171 5 52 1 29 4 110 4 75
3 9 17 61
1 5 17
7 81 77 21 13 25 73 13
4 2 50 1 45 1 11 3 28
7 69 81 41 53 57 25 61
7 3 98 2 109 3 188 5 57 5 14 1 22 5 141
6 73 57 45 77 25 21
2 2 44 4 76
1 53
0
8 33 29 73 21 57 49 53 61
5 3 81 3 95 5 100 3 11 3 46
3 5 33 49
3 3 32 4 40 2 48
5 45 33 81 5 33
7 5 143 5 183 3 151 1 38 5 200 1 85 5 99
4 25 65 13 37
5 1 14 2 66 2 37 4 77 2 88
4 61 81 5 45
7 3 82 4 120 3 158 3 169 1 206 2 189 4 41
5 37 37 17 25 13
8 5 194 1 58 3 146 4 151 1 105 1 189 1 205 2 47
8 81 17 17 69 73 77 29 13
2 1 35 4 43
7 77 73 45 9 65 5 37
6 5 126 4 5 4 112 1 69 1 104 1 31
5 5 5 61 5 77
7 3 76 5 140 5 169 3 108 3 201 2 233 5 38
7 69 77 41 69 77 65 41
5 4 44 4 75 1 70 4 101 3 130
7 73 41 9 33 17 81 69
6 1 93 4 119 1 145 5 159 2 64 1 17
8 53 37 37 73 25 73 45 53
3 4 66 4 58 2 41
8 41 53 45 49 37 29 17 21
5 5 115 5 31 4 26 2 51 1 98
2 29 5
6 3 40 4 117 1 63 5 83 2 97 2 23
1 57
2 1 82 5 41
8 53 81 9 29 17 77 13 77
1 3 20
3 61 33 33
5 4 76 1 81 2 38 5 116 4 133
4 41 73 57 81
6 1 64 5 98 2 129 4 87 3 121 4 38
2 13 25
5 1 76 1 142 4 122 2 32 5 81
5 73 49 21 45 13
1 1 20
8 41 73 5 65 9 57 53 41
7 1 132 2 100 1 161 1 17 5 34 2 57 5 92
1 81
6 3 41 1 19 2 64 3 27 3 93 3 11
4 69 77 5 73
1 2 44
6 9 37 25 41 29 69
5 1 104 1 69 4 142 4 8 2 34
6 29 9 17 61 45 41
3 5 8 4 52 1 63
1 53
4 5 64 1 104 2 29 4 90
4 13 13 49 53
6 4 157 3 90 4 38 5 195 5 64 2 113
1 77
0
8 37 17 69 21 73 49 65 41
3 1 32 1 49 2 90
4 81 41 5 41
0
6 73 57 49 33 37 53
7 2 5 2 132 2 42 5 149 1 68 1 91 1 19
8 17 17 53 37 33 49 69 49
0
4 53 49 21 69
2 2 76 3 35
1 17
6 3 76 5 108 3 57 3 65 3 32 3 40
3 9 49 37
7 4 124 1 176 2 58 1 171 2 35 2 81 3 104
7 61 53 5 9 45 57 21
2 2 20 3 52
8 73 25 9 41 5 5 69 13
1 5 5
6 41 65 5 17 33 5
2 4 32 1 49
3 53 53 25
7 3 123 2 128 2 19 4 8 4 71 2 57 4 94
2 17 73
5 3 41 4 99 5 122 3 136 4 79
6 13 77 37 73 33 57
1 5 5
7 49 29 25 65 53 53 49
7 4 209 3 104 2 162 1 46 4 41 1 69 1 133
7 9 77 13 77 25 61 17
8 1 127 2 40 1 116 4 59 3 97 3 32 4 54 3 111
1 41
8 4 122 3 200 4 55 2 220 1 166 4 38 4 189 2 75
1 9
6 2 59 3 51 4 25 4 67 1 81 4 5
2 29 77
6 3 110 4 73 2 124 2 153 1 41 3 99
5 33 73 25 21 21
2 1 38 5 58
6 53 73 9 33 5 5
1 1 8
3 37 29 17
1 4 41
4 53 69 29 73
0
1 17
4 2 55 3 102 3 140 3 23
6 45 49 25 37 29 73
4 5 40 1 75 2 86 3 8
6 45 81 37 5 57 49
0
7 81 5 25 9 17 45 9
3 1 75 4 17 3 64
3 81 17 17
5 2 29 3 63 4 49 3 104 1 142
2 21 41
7 2 67 2 133 5 138 1 90 5 116 1 173 1 35
1 33
5 2 83 5 97 2 63 5 5 2 16
2 53 41
4 1 29 2 34 2 54 3 65
6 77 77 25 69 21 81
5 4 111 2 152 2 178 1 70 5 41
3 77 65 25
8 4 265 3 47 5 169 2 91 1 152 5 138 2 210 3 248
2 29 73
8 4 20 1 171 5 98 1 211 1 28 3 176 4 57 3 145
7 9 17 45 33 9 73 37
8 2 235 5 61 3 23 1 154 3 209 4 96 3 174 3 140
6 81 9 9 41 41 73
6 2 90 1 20 5 67 3 168 1 98 3 139
5 49 41 81 21 41
1 2 20
4 37 13 77 29
5 1 64 2 84 5 44 2 128 5 175
7 65 49 29 5 5 41 73
6 3 42 1 53 4 70 1 75 1 14 2 19
2 21 61
1 5 20
8 9 21 81 49 33 81 33 49
8 4 166 1 198 5 274 5 120 5 149 1 227 4 94 3 47
3 77 57 77
7 4 80 5 63 2 46 4 127 5 171 5 200 5 41
2 73 41
5 4 110 1 133 3 102 3 38 4 67
8 49 57 17 41 25 17 13 21
4 2 108 1 125 4 44 3 73
2 53 37
6 2 17 1 58 1 103 2 123 4 72 3 83
8 21 13 77 13 37 53 81 41
8 5 47 5 117 4 131 5 136 5 177 5 85 4 241 5 221
6 13 25 25 57 29 21
6 1 51 1 132 2 121 4 26 4 34 2 77
5 29 77 73 65 49
8 5 184 4 119 2 105 3 47 5 91 4 136 1 153 1 164
2 77 5
2 2 19 3 5
5 69 77 57 33 25
3 4 93 5 55 5 47
4 69 17 77 77
0
7 77 77 13 9 9 37 57
2 4 29 3 52
2 25 25
4 5 99 5 38 3 85 2 134
2 41 17
8 1 181 5 14 4 49 3 167 5 90 5 104 4 112 5 132
3 53 17 9
7 5 132 4 63 3 155 4 115 4 38 2 107 5 55
1 33
1 3 29
4 57 69 81 53
5 4 11 1 52 3 118 5 57 1 101
7 65 17 65 5 13 57 61
1 3 20
6 49 73 49 61 41 81
3 2 58 1 90 3 20
7 29 41 21 9 21 25 69
2 1 11 2 19
6 45 5 9 49 49 57
2 4 34 4 11
8 81 21 45 37 5 49 21 73
7 3 11 5 25 5 72 2 136 5 107 3 156 3 170
5 41 5 41 41 5
8 4 29 1 61 3 217 1 194 1 105 5 174 4 116 3 157
7 9 61 77 45 29 17 69
8 2 101 2 112 3 128 5 123 4 166 2 38 4 75 2 58
5 9 77 25 21 65
3 5 31 2 8 3 39
5 9 81 9 25 65
7 3 51 5 167 4 94 4 89 3 126 1 5 2 28
4 17 37 41 69
0
4 13 61 53 25
3 2 55 1 23 1 66
1 29
8 1 212 5 220 1 29 2 207 5 178 2 134 1 67 4 87
5 61 41 17 37 65
1 1 44
4 25 33 29 17
6 1 162 2 83 5 14 4 25 1 57 5 127
8 21 61 37 9 69 65 5 9
0
4 69 45 49 45
5 4 139 1 49 5 90 2 41 5 110
5 25 29 5 29 61
0
4 33 13 73 17
4 4 55 5 107 5 75 5 41
2 61 13
4 4 46 3 51 1 41 1 92
4 49 53 21 69
5 5 8 1 52 3 75 3 91 1 80
6 29 45 37 25 45 25
0
1 25
8 3 59 3 27 2 140 2 16 2 157 4 79 2 5 4 114
4 57 53 33 49
3 3 73 3 93 3 47
5 9 29 73 65 37
3 2 126 5 88 3 44
1 53
3 3 43 3 75 3 38
7 41 45 69 17 41 29 77
3 1 96 3 73 4 41
8 25 21 81 5 5 13 17 69
1 2 32
2 5 81
8 2 27 1 169 4 102 2 68 4 8 5 97 1 146 2 13
5 73 57 29 45 21
6 3 22 4 51 5 17 4 80 5 88 2 93
8 57 21 77 81 53 13 41 73
8 1 120 2 23 3 158 2 55 1 66 1 169 3 77 2 85
8 25 69 81 29 25 53 73 33
4 3 55 3 87 3 113 1 17
3 25 77 41
6 1 55 1 44 2 60 1 92 1 126 4 118
2 77 77
4 3 17 2 51 4 37 4 74
1 29
7 4 83 2 130 4 141 3 72 4 26 3 55 1 167
2 77 73
3 2 26 5 51 5 40
8 33 45 77 33 57 13 37 37
5 5 118 1 32 4 52 4 87 2 107
4 73 9 13 37
7 4 105 4 110 2 70 4 130 1 135 4 140 3 47
4 49 29 49 21
5 2 131 1 61 2 102 2 148 4 44
5 69 81 33 69 81
3 5 26 3 58 5 81
5 37 69 37 37 33
6 4 17 1 34 1 109 4 147 2 95 4 69
3 81 21 77
0
5 73 37 21 25 41
8 3 181 5 149 1 118 5 110 5 132 3 76 1 44 5 105
6 69 41 49 13 45 33
4 4 105 4 131 3 44 1 79
3 49 13 77
7 2 136 4 117 1 122 4 162 1 73 3 185 4 35
2 5 81
0
1 53
7 1 11 1 49 4 84 2 138 2 155 2 125 5 130
8 37 37 41 37 81 25 65 21
5 4 87 4 95 1 70 2 124 4 41
6 65 57 13 81 69 5
1 3 41
1 33
3 3 14 3 19 5 24
8 13 77 81 45 21 61 53 77
5 1 148 2 99 2 32 1 58 2 134
2 73 5
4 2 57 5 11 2 65 3 28
4 21 5 65 37
5 3 86 5 94 3 35 4 55 5 81
6 17 49 61 21 57 53
2 2 17 1 37
3 53 37 37
3 2 47 4 94 2 102
5 25 41 61 5 53
7 4 46 1 174 3 148 1 81 1 119 5 218 2 29
8 21 69 57 45 73 33 45 45
3 3 23 5 60 3 49
4 61 37 33 53
1 2 38
6 61 21 65 81 5 37
6 3 103 2 98 5 46 3 150 2 17 4 75
4 81 37 69 21
0
8 5 17 13 9 17 17 81 49
3 4 70 4 81 4 38
5 57 37 5 17 17
4 5 27 5 19 5 74 3 8
7 41 9 13 69 77 53 9
4 1 92 3 87 4 70 4 29
2 77 69
4 3 43 5 26 4 63 4 77
4 29 9 17 13
5 5 38 1 75 4 58 5 98 4 109
6 81 73 57 69 25 29
3 2 63 5 32 4 52
1 29
4 5 110 5 58 4 44 1 69
3 61 81 9
1 2 17
3 9 77 21
4 1 58 4 90 1 119 4 41
8 33 37 21 21 61 41 77 25
1 3 8
4 69 5 77 53
8 3 152 5 91 5 163 1 197 3 226 5 177 2 44 5 129
5 9 69 33 49 5
3 1 20 1 25 5 39
4 37 13 45 77
4 3 70 2 90 4 98 2 35
8 73 33 69 5 9 53 65 61
3 2 11 3 90 2 46
3 57 25 37
6 2 153 3 40 1 112 4 95 5 26 2 72
4 69 33 33 5
4 5 117 2 35 1 128 2 70
4 61 13 49 61
4 1 11 1 16 4 59 3 51
6 65 33 17 41 77 17
1 1 35
8 21 49 5 33 13 65 9 53
2 3 41 4 61
3 41 73 17
1 3 35
4 5 77 25 29
2 1 23 4 49
8 5 9 9 33 9 41 29 29
6 4 104 1 151 2 198 5 17 3 22 3 60
8 73 33 41 41 37 49 69 41
0
5 33 73 61 17 45
0
1 37
6 2 11 2 69 4 107 3 145 1 183 4 25
6 61 57 5 9 45 29
0
1 45
7 4 147 2 80 3 118 3 14 2 37 5 179 1 57
3 57 45 77
0
5 61 41 49 53 45
0
8 17 81 65 69 81 53 5 69
3 4 26 4 48 3 34
8 25 77 33 9 33 61 45 77
8 1 219 5 175 2 242 2 120 2 274 5 137 2 38 4 79
1 73
7 4 192 1 230 3 49 5 14 4 181 3 90 1 137
4 61 57 29 57
0
2 81 29
7 3 37 5 117 5 137 2 83 2 14 5 72 1 100
5 41 45 65 13 81
2 3 31 5 17
4 21 49 45 57
0
2 65 73
2 1 17 1 31
1 13
3 3 43 4 54 1 38
2 29 41
3 2 35 3 40 3 60
4 81 77 13 69
8 3 165 1 232 1 130 3 26 2 55 2 84 1 101 2 206
6 5 69 69 13 25 45
5 2 10 4 47 2 18 4 61 1 5
8 53 73 61 33 53 5 21 13
6 1 126 1 64 4 20 5 69 1 86 1 106
1 33
3 3 17 4 57 4 40
7 37 53 9 77 57 69 65
3 1 49 2 5 1 57
3 33 29 73
3 2 35 3 40 2 69
4 41 53 41 13
8 3 180 5 226 2 5 5 84 3 128 1 215 4 37 5 163
2 57 77
1 3 11
8 29 29 61 13 49 21 33 29
4 5 43 4 29 5 87 5 107
1 49
6 1 31 2 77 4 63 1 8 1 85 2 129
1 9
1 5 17
6 49 81 13 61 13 77
1 5 35
6 73 17 33 77 5 5
8 3 78 2 26 5 83 4 181 1 120 3 37 1 91 2 140
3 25 25 5
3 5 26 2 96 3 52
1 29
3 1 43 5 23 1 78
1 13
2 2 20 3 46
5 61 49 45 21 17
7 1 82 1 90 1 203 2 166 1 44 5 137 2 183
8 45 69 41 25 33 53 9 17
8 3 68 2 152 4 109 2 187 5 129 4 11 1 52 1 60
1 5
3 5 46 5 20 3 84
7 53 73 69 13 45 65 5
2 4 23 5 37
6 53 5 73 13 53 21
8 5 172 2 83 2 32 4 103 1 161 1 135 4 52 1 66
2 37 45
2 3 38 5 58
1 81
8 4 163 5 5 1 45 1 80 3 19 3 100 4 105 4 125
5 69 41 61 81 37
5 2 140 5 172 4 132 5 47 3 88
2 73 5
7 4 207 1 233 5 160 3 8 5 119 5 55 3 87
1 53
2 1 29 3 64
5 49 29 77 69 5
7 5 126 5 143 3 11 1 92 3 87 4 49 3 106
3 41 17 9
8 3 160 4 230 3 125 2 73 2 90 4 183 3 41 3 253
3 25 25 77
5 5 119 3 82 1 93 1 148 3 44
5 45 13 61 65 33
6 2 55 1 77 4 66 3 132 5 94 1 44
1 13
2 2 79 2 32
7 37 73 33 73 9 5 37
6 1 154 1 58 3 17 1 75 2 201 3 119
1 69
3 5 24 2 14 1 19
1 13
5 2 64 4 151 3 32 3 140 3 111
8 53 17 37 13 5 29 9 25
7 5 163 1 40 5 168 2 191 4 116 4 26 5 75
6 49 37 21 29 37 45
0
4 25 57 21 53
3 2 49 1 54 3 11
8 17 5 29 57 29 25 29 13
8 3 147 5 194 1 17 3 55 5 205 1 99 1 104 5 112
6 73 65 21 65 41 57
3 1 90 3 55 3 44
2 29 17
7 3 123 5 74 3 58 3 91 2 140 3 69 4 29
8 65 65 37 77 37 65 21 53
2 2 8 1 13
2 33 53
8 2 113 4 157 3 20 2 191 5 199 4 186 5 40 5 72
7 25 81 53 21 49 73 45
4 2 89 1 34 4 63 2 26
3 5 37 29
0
4 17 49 17 25
7 5 58 4 86 2 78 4 29 1 130 2 168 1 188
7 45 57 65 41 69 33 57
6 2 68 4 25 5 14 4 111 5 39 4 103
6 33 33 49 49 45 21
2 4 17 2 25
7 21 9 69 17 81 45 29
0
6 37 29 61 41 61 73
8 4 75 2 142 4 168 5 238 1 113 1 26 1 206 5 58
6 13 33 29 69 69 25
4 1 44 1 93 5 85 5 116
5 49 49 29 29 9
8 4 193 5 201 2 146 5 221 3 55 4 247 4 32 3 102
1 5
5 2 109 4 74 1 8 1 48 2 40
5 81 41 73 21 9
0
3 29 41 13
5 4 36 3 41 2 70 3 5 4 31
2 81 17
3 2 85 5 126 1 38
3 33 25 37
4 2 55 5 125 5 44 2 99
2 41 21
1 4 32
1 9
6 2 195 2 125 3 157 1 99 4 32 5 79
1 29
1 3 41
3 45 21 73
4 2 38 2 67 4 143 5 108
7 73 81 13 73 69 53 13
1 5 11
6 25 45 37 13 5 21
6 3 35 2 78 2 83 5 118 2 61 4 126
4 5 25 25 61
7 1 11 3 96 2 88 4 71 5 125 2 22 1 45
3 61 33 77
7 1 104 2 142 1 81 4 147 5 37 1 179 3 17
8 21 49 49 45 61 73 41 53
2 1 55 4 8
1 57
5 1 69 2 107 3 148 2 47 5 55
8 69 13 57 29 61 9 65 13
5 5 8 1 88 4 63 4 52 1 74
3 81 77 21
8 1 172 1 115 3 54 4 135 2 80 1 34 4 149 4 20
8 69 77 69 29 17 57 21 65
6 1 28 2 36 3 71 5 91 3 96 5 5
3 53 41 17
2 3 34 3 20
8 5 5 81 65 33 81 29 13
6 3 41 4 186 2 169 2 134 4 111 4 70
6 77 53 57 45 21 21
3 2 13 5 5 2 36
2 25 37
4 5 44 5 125 5 73 1 93
7 25 21 5 41 13 49 25
1 1 23
3 61 49 53
0
4 73 77 13 61
0
3 25 53 57
2 4 58 1 23
5 5 29 29 73 21
2 1 35 5 64
2 9 61
8 4 181 5 93 5 29 1 125 1 139 5 144 2 152 4 64
8 61 37 57 65 17 73 13 17
4 1 78 1 29 4 89 5 40
6 21 69 81 49 33 25
3 5 8 4 31 1 51
1 61
6 1 39 2 5 3 16 2 84 3 53 2 70
6 13 61 13 9 57 53
8 3 202 1 8 3 57 4 104 3 37 3 121 1 162 2 191
4 73 13 77 45
5 1 93 1 122 3 38 3 142 1 85
1 29
8 2 26 1 164 3 150 5 127 2 205 2 61 5 81 2 116
2 41 81
6 3 112 2 63 2 14 1 147 4 43 4 98
7 61 37 73 69 53 57 61
6 1 140 3 159 4 44 5 91 4 99 4 151
8 57 73 77 21 17 33 61 49
3 4 70 5 108 1 38
4 69 17 69 81
1 3 11
8 77 45 65 49 81 29 37 13
2 2 14 3 31
6 29 17 17 49 61 49
7 1 149 2 157 5 120 4 26 3 73 2 180 1 203
8 37 61 57 49 41 69 25 5
2 4 28 3 5
8 81 33 77 33 33 53 53 61
5 5 47 5 55 4 184 3 140 1 99
8 9 9 33 5 21 57 5 53
2 2 76 1 29
6 25 45 53 5 9 81
0
6 41 33 45 69 41 77
5 4 35 5 119 3 70 3 78 4 157
1 57
7 1 168 5 206 3 41 3 82 5 120 3 134 4 142
1 65
8 5 99 2 113 4 22 4 27 1 17 2 38 5 79 1 145
3 61 81 33
6 3 52 4 84 1 133 1 5 3 110 3 171
5 73 13 57 9 25
2 1 46 1 5
4 61 41 81 49
3 3 20 5 49 3 75
8 61 17 65 21 29 5 73 17
0
1 21
7 5 73 3 44 2 93 3 121 2 98 5 129 1 137
2 21 49
4 2 113 3 20 4 61 5 84
7 61 21 61 37 53 57 5
7 2 14 5 40 3 78 5 125 2 163 1 201 3 242
6 29 65 81 9 65 53
3 4 8 3 84 2 43
8 57 61 37 53 81 53 61 65
1 4 35
4 77 29 9 45
1 5 11
6 9 49 77 21 57 77
3 4 19 4 5 1 48
7 33 13 21 33 5 65 25
2 2 41 5 82
4 53 25 37 25
2 4 5 2 28
6 65 29 13 69 61 73
1 3 11
8 81 21 13 13 65 17 77 49
3 2 33 5 8 1 28
1 81
0
4 13 65 57 81
7 1 126 5 95 2 44 2 52 4 112 5 152 4 90
5 81 65 33 33 73
5 4 90 1 125 5 41 5 151 1 61
5 37 65 25 65 69
0
1 53
3 3 25 2 20 4 45
5 65 13 81 5 21
0
2 25 57
8 1 144 2 90 5 191 5 32 4 61 3 196 5 116 2 130
1 65
5 5 79 5 8 5 28 1 66 5 74
8 17 65 53 33 41 73 9 77
1 1 23
7 25 33 5 77 57 5 73
6 4 90 1 107 4 127 1 141 2 26 5 49
2 21 65
8 4 8 5 196 1 55 5 81 3 101 3 156 4 173 1 148
6 21 45 21 37 73 73
2 4 94 4 47
1 53
1 2 8
6 33 9 65 5 37 53
5 2 119 3 124 2 47 5 91 3 102
2 37 45
1 3 29
7 5 9 49 65 13 49 33
3 1 55 4 75 3 38
7 49 45 49 65 81 5 65
4 2 17 5 113 5 55 2 81
2 25 65
8 1 42 4 89 5 23 2 34 2 147 1 173 5 181 3 112
7 17 65 65 5 49 69 65
5 4 129 2 161 5 91 3 181 1 47
1 33
5 1 44 1 119 2 67 3 163 2 84
3 41 53 33
1 1 38
7 57 25 5 9 73 81 69
8 3 61 4 119 4 90 5 14 2 157 4 186 4 233 3 262
5 21 13 9 17 77
7 4 60 3 188 1 156 2 49 5 95 5 121 2 32
7 25 29 33 41 5 37 25
3 2 17 4 49 5 81
7 9 9 9 57 21 77 33
1 3 29
2 53 45
1 3 8
6 73 5 29 17 37 13
6 2 108 5 201 3 178 1 134 4 41 5 88
2 25 53
6 4 146 5 41 3 67 5 193 4 99 1 213
2 41 9
7 1 218 1 143 1 207 2 47 1 85 1 132 4 166
3 5 53 25
0
5 41 61 13 37 25
0
5 9 29 33 65 57
1 5 14
8 25 73 81 49 53 37 49 49
4 5 29 1 131 1 67 2 96
5 73 5 69 17 25
3 4 40 1 48 1 29
8 57 69 45 37 81 29 57 45
4 4 83 3 55 2 14 1 60
1 57
1 4 11
7 29 57 65 81 41 25 37
7 1 90 1 44 2 173 1 98 1 61 3 145 3 165
2 17 33
8 4 128 2 133 2 20 4 156 2 167 3 64 5 205 1 87
2 81 13
1 5 8
5 37 17 33 61 13
6 5 79 5 149 4 108 3 32 4 204 2 184
8 57 61 45 65 45 61 17 25
6 2 137 1 192 2 172 5 38 4 55 2 96
5 73 49 65 13 73
6 3 127 5 11 5 37 1 78 1 86 1 144
1 9
2 2 70 2 41
3 81 65 61
0
1 73
0
6 13 65 65 49 69 5
4 5 8 5 98 1 34 1 81
5 37 45 73 33 73
1 3 47
6 21 33 69 81 77 53
4 1 34 2 23 2 98 4 57
6 37 9 65 29 41 25
6 2 177 4 26 4 163 3 67 1 114 5 134
5 33 45 65 5 65
3 2 88 2 47 1 111
4 49 29 69 37
5 1 43 4 124 2 119 1 20 2 72
7 17 41 13 29 73 45 77
6 1 149 2 32 2 70 2 114 1 154 2 186
7 45 81 5 45 61 41 53
1 3 35
3 65 77 77
0
4 69 33 53 13
1 2 17
7 53 61 69 45 41 29 9
6 5 40 4 60 1 123 3 17 1 77 2 97
8 13 25 29 53 41 53 5 49
7 5 194 4 168 4 110 4 142 2 23 5 61 3 72
8 49 37 21 65 77 73 65 41
8 4 127 2 52 4 84 3 107 3 156 1 14 2 200 3 238
8 53 9 53 33 49 45 5 73
5 3 47 3 193 1 123 5 88 4 164
4 5 45 33 73
2 1 17 2 58
7 13 65 9 9 29 5 13
5 2 71 3 66 2 23 1 52 2 91
6 17 49 57 45 57 53
4 4 41 3 82 4 93 3 137
3 81 37 61
2 2 34 4 17
1 21
2 1 26 2 52
5 9 53 61 9 33
6 5 58 1 23 1 63 5 174 3 98 3 136
7 77 49 65 81 65 69 53
7 3 52 1 158 3 127 2 144 2 17 2 84 1 98
4 81 61 73 33
8 4 140 4 219 3 82 4 292 4 245 3 35 5 96 2 175
1 53
0
8 9 13 61 25 73 53 5 13
7 2 101 4 194 2 69 1 47 1 148 2 156 1 64
1 49
5 4 151 1 70 1 29 2 114 1 134
7 37 21 9 77 73 77 21
1 3 35
3 45 41 17
4 1 89 2 26 3 70 5 75
6 21 21 57 41 29 53
2 4 14 3 37
8 13 9 65 69 81 45 33 45
8 1 71 1 85 5 8 5 117 3 152 1 184 2 31 5 39
5 53 17 37 81 57
8 5 95 3 133 1 69 2 177 4 23 2 188 5 31 5 232
8 37 77 81 37 17 5 29 21
5 2 47 5 92 4 118 3 58 2 84
7 37 9 73 21 21 37 57
4 3 98 1 49 5 87 2 17
7 61 13 25 17 5 81 53
2 3 17 4 34
7 61 65 53 57 37 41 25
0
8 73 5 73 61 69 17 29 49
4 4 143 4 5 5 99 2 52
3 25 25 77
8 3 38 2 213 3 233 5 166 2 247 4 52 4 96 1 125
7 37 69 17 61 65 61 81
8 1 111 4 128 3 174 3 200 1 148 1 70 3 211 3 44
1 29
8 5 187 2 104 3 162 4 182 3 34 5 75 4 11 2 121
5 69 61 61 25 5
3 5 23 3 37 2 72
7 13 81 5 65 33 41 45
1 2 44
1 65
3 2 78 2 32 2 55
1 25
1 2 5
8 61 57 61 29 5 9 65 45
8 1 8 1 52 5 262 5 93 4 174 3 113 1 157 4 221
8 21 17 21 49 29 25 45 5
5 5 112 2 44 3 90 2 107 3 58
6 69 65 49 29 45 61
7 4 20 2 165 5 173 5 51 4 37 5 89 4 130
1 49
0
3 77 41 49
4 2 46 4 95 5 90 3 17
5 57 61 25 45 41
2 4 32 1 79
2 53 81
6 2 70 5 118 4 35 1 99 2 113 2 123
1 5
3 2 23 5 90 5 46
4 21 21 21 69
3 4 108 5 73 2 32
6 13 5 37 45 57 9
0
6 53 65 73 69 57 29
5 3 97 2 66 1 71 3 23 2 52
6 5 13 57 45 65 61
1 2 47
4 61 53 61 29
1 4 35
2 5 81
3 4 79 4 96 2 35
8 41 25 5 21 41 81 13 37
2 1 8 1 40
2 45 45
3 1 44 2 91 5 102
5 21 57 9 41 29
2 3 28 4 11
2 21 37
1 1 41
8 25 5 53 21 25 77 53 9
5 4 88 2 57 5 65 2 26 2 52
8 41 21 29 13 17 57 33 17
0
3 9 69 69
6 1 43 3 63 2 26 4 68 5 109 2 147
8 61 57 17 37 53 81 29 69
5 5 109 4 65 4 20 4 31 3 48
2 25 45
7 2 165 5 8 2 127 4 52 5 75 1 176 1 83
4 37 37 13 25
8 5 140 4 157 1 253 5 73 1 114 5 192 5 212 4 38
4 25 65 21 5
6 1 123 5 100 4 11 5 16 2 51 5 74
1 77
4 1 5 5 49 3 57 5 62
3 41 49 17
2 1 23 1 28
6 29 9 77 13 45 41
6 1 31 5 66 4 83 1 117 2 91 3 17
5 33 69 53 5 45
1 5 29
6 77 21 29 57 81 61
1 3 44
7 57 41 49 57 25 21 9
2 2 26 5 67
5 65 9 5 5 21
3 1 14 3 46 2 75
6 69 65 29 13 53 13
2 1 44 3 85
1 81
7 5 47 4 152 5 174 4 203 4 169 5 88 4 105
4 53 77 29 13
8 2 301 2 155 3 35 1 181 2 64 1 108 2 219 3 257
4 57 17 9 81
1 5 41
8 77 41 81 29 69 73 41 33
7 5 139 3 176 4 165 2 32 5 95 1 58 4 72
2 9 13
0
5 45 77 73 73 81
4 1 45 5 37 5 62 1 23
5 77 29 45 5 5
6 5 98 5 165 2 127 2 32 2 64 2 72
3 37 57 13
8 5 134 3 99 4 54 5 181 1 5 2 40 4 68 1 94
3 41 69 49
4 2 44 1 88 1 126 4 131
2 77 69
8 2 67 2 96 1 165 1 211 1 142 4 197 3 20 2 137
7 69 65 37 61 17 77 25
1 2 8
1 9
8 3 204 4 82 1 96 2 134 2 160 1 209 5 226 1 35
7 77 5 77 69 13 65 17
8 3 210 3 224 3 26 5 67 3 241 5 102 1 146 5 163
3 73 29 25
2 4 47 3 94
4 29 53 57 37
4 1 99 2 113 2 61 3 20
5 33 81 57 25 21
2 2 67 2 41
7 61 77 21 61 37 9 13
3 5 55 2 60 2 44
5 25 81 25 45 21
0
3 65 25 9
7 4 162 1 93 3 44 3 82 5 194 3 128 3 136
4 13 41 45 69
1 3 47
5 25 53 45 81 9
3 4 20 4 58 1 93
2 53 49
7 4 76 2 68 5 5 4 123 4 22 2 140 2 51
8 61 5 49 9 41 33 57 5
2 3 26 1 73
5 5 53 77 49 69
6 5 111 1 85 5 128 5 169 1 192 2 47
8 37 9 69 77 13 57 49 61
7 1 142 2 113 3 17 1 99 4 159 3 164 4 58
1 53
0
6 13 33 65 57 57 81
3 3 26 2 61 3 96
4 73 29 53 33
4 3 13 3 8 5 18 3 50
7 45 9 25 77 77 5 13
4 3 117 2 131 5 35 2 79
7 33 45 37 69 5 65 37
4 2 60 5 52 2 92 3 11
7 5 73 29 37 37 57 9
6 3 174 2 73 4 116 1 136 1 84 5 26
7 49 5 57 45 53 45 73
6 5 57 1 95 1 124 3 147 4 44 5 52
2 49 17
3 4 88 5 41 1 120
6 33 17 29 41 33 53
6 5 96 3 73 3 116 4 133 1 168 5 41
8 77 25 29 33 81 57 45 73
4 2 83 2 37 1 32 1 57
6 77 57 77 21 37 61
0
3 65 37 41
2 2 29 3 70
6 33 5 49 25 9 81
8 5 17 5 98 5 106 1 40 3 66 1 153 3 185 5 196
7 29 29 13 81 73 49 65
2 5 61 2 17
5 17 45 65 61 5
0
1 61
5 4 95 2 31 1 57 5 23 4 127
4 81 81 29 33
0
4 45 29 21 25
0
3 49 53 21
8 1 136 2 101 5 144 4 25 4 14 1 149 5 196 3 60
4 5 17 29 21
6 4 26 1 73 5 111 3 146 4 160 3 207
8 5 33 13 77 41 73 9 41
2 5 5 3 31
3 69 13 37
8 5 51 5 89 1 173 5 112 1 147 2 13 3 8 3 205
6 77 65 17 57 65 61
0
5 53 9 73 61 25
7 5 20 2 112 1 138 3 43 2 143 4 54 2 80
2 29 9
2 1 38 3 58
3 49 81 41
2 4 88 3 47
2 73 33
0
1 17
5 5 128 1 79 2 114 1 148 5 41
7 69 73 25 9 53 13 37
6 4 130 3 52 4 41 3 141 3 90 1 107
1 81
5 4 44 1 89 2 67 5 72 4 112
2 69 69
5 5 181 5 79 2 143 2 105 2 32
6 37 9 41 25 41 13
3 5 19 1 51 2 11
5 77 13 21 13 37
1 2 5
3 69 21 9
7 1 197 5 96 4 174 3 44 5 79 3 122 2 142
7 41 37 69 33 73 53 21
8 2 31 1 20 3 69 4 144 2 104 2 161 2 190 1 115
3 9 41 53
2 3 25 1 20
3 41 65 33
0
7 41 21 41 61 13 57 17
7 4 149 3 11 3 34 4 92 3 120 3 48 2 100
3 69 49 65
0
2 41 45
7 1 124 5 107 2 179 1 31 2 168 3 8 2 69
3 77 13 37
7 2 74 3 112 1 45 1 123 3 146 5 14 2 37
4 29 61 21 53
1 5 23
8 25 29 49 77 25 37 13 49
8 5 200 2 49 5 110 4 165 5 229 4 23 5 148 3 87
7 45 33 57 21 49 69 49
8 5 61 5 96 5 173 1 144 1 41 1 205 5 125 5 130
1 5
5 5 31 2 5 4 142 5 101 5 54
7 77 37 73 13 65 81 61
2 4 47 4 61
3 45 65 77
6 1 132 1 83 4 32 5 103 4 61 4 78
2 53 17
6 4 35 3 49 1 109 5 147 5 96 2 101
5 41 73 81 65 33
3 4 58 5 96 2 14
7 61 37 57 49 33 25 69
4 1 38 1 146 4 70 3 117
8 73 21 73 25 65 17 37 49
5 1 84 1 110 3 133 2 32 3 61
5 49 37 49 57 21
3 1 8 4 37 3 72
2 57 65
7 5 157 3 194 4 35 3 46 5 72 1 116 4 183
2 29 61
8 2 72 4 119 2 155 5 133 1 64 4 147 2 196 4 35
2 17 29
3 3 27 5 5 3 22
4 25 41 69 25
4 2 92 3 60 2 37 4 11
5 13 49 29 49 17
0
6 33 45 45 45 73 65
8 5 136 2 28 5 241 1 20 3 72 5 156 1 98 5 200
6 29 21 73 21 49 21
7 1 101 2 182 5 96 5 141 2 41 3 109 1 58
5 21 33 41 5 25
0
2 9 69
0
6 37 37 41 69 17 65
8 4 170 2 23 1 63 4 46 5 109 4 184 4 104 5 138
7 53 69 13 33 17 65 21
8 4 133 3 143 4 43 1 169 2 92 4 81 5 32 2 138
7 37 41 57 21 25 53 77
4 4 69 5 11 3 34 2 101
3 69 53 45
6 1 61 5 101 4 78 5 133 3 141 2 47
5 21 65 5 49 61
7 2 64 2 81 2 138 3 167 5 113 3 23 1 121
2 33 73
4 2 86 3 23 4 78 3 61
2 57 81
6 1 107 3 147 1 118 3 26 4 67 2 87
4 33 49 37 41
1 2 8
1 29
6 5 66 1 38 4 58 2 98 3 109 5 123
2 65 5
4 4 45 1 23 4 28 3 71
4 45 45 81 37
6 1 41 3 163 1 204 2 82 1 99 4 134
2 25 33
8 4 37 5 69 4 132 3 167 2 98 4 199 1 127 1 8
6 45 17 41 69 45 53
1 2 17
5 17 57 33 9 49
4 1 110 2 44 2 52 3 84
7 69 73 41 73 57 81 45
2 1 52 2 32
5 45 49 69 37 25
2 4 20 4 43
3 53 5 21
7 4 133 4 173 2 107 1 141 5 46 2 35 5 66
8 73 73 41 17 65 57 21 49
1 4 29
8 69 61 41 81 81 45 21 5
3 1 61 1 90 5 44
3 49 69 77
8 3 107 3 148 1 14 1 238 3 52 4 99 3 189 3 227
8 41 29 13 73 69 5 77 45
6 2 83 5 14 4 94 5 120 5 36 4 19
8 5 65 57 41 9 65 77 73
7 1 166 1 212 3 26 2 114 3 67 1 180 3 149
6 41 5 13 49 57 41
5 4 121 2 17 3 90 5 43 3 98
7 17 33 29 25 41 65 49
0
6 17 49 37 73 9 73
4 5 101 5 8 3 34 5 72
2 17 57
7 2 40 1 209 4 157 2 174 1 119 5 78 4 35
4 77 61 33 33
1 2 32
5 57 69 77 25 33
0
7 17 25 29 81 57 53 53
3 4 93 1 47 5 58
7 29 61 33 41 77 57 17
4 5 54 4 23 3 40 3 98
5 53 13 25 45 61
7 2 115 4 75 4 95 3 141 3 149 3 38 5 61
2 17 41
8 1 119 4 159 4 179 5 23 2 202 3 64 2 87 5 124
1 65
0
2 45 13
8 1 153 2 199 1 185 4 14 2 58 1 72 5 113 1 133
5 13 57 9 57 65
2 2 23 3 37
1 69
2 4 32 5 46
8 65 57 13 33 73 57 61 41
4 5 84 4 125 5 58 2 32
6 81 49 37 21 61 65
4 4 56 3 5 3 10 1 18
4 17 9 21 29
0
7 65 13 37 69 81 5 33
0
8 61 61 9 69 65 13 81 49
8 1 109 2 196 5 26 4 144 1 55 3 188 5 75 4 101
4 49 49 21 13
2 5 52 2 26
8 21 53 61 49 77 17 65 53
6 1 43 5 183 4 8 2 84 5 128 4 160
4 5 33 33 21
0
8 37 41 69 17 9 61 65 17
4 5 37 3 32 3 78 1 122
2 21 21
4 3 44 4 52 5 90 4 131
5 41 45 49 69 29
4 1 96 1 38 1 101 2 58
3 61 77 21
8 2 94 1 175 1 11 5 28 5 42 4 126 2 59 3 152
1 73
5 1 94 1 53 4 8 1 43 1 48
4 65 65 25 77
4 5 46 4 8 4 63 3 92
6 13 5 81 53 33 61
5 1 10 2 38 5 5 5 27 4 76
3 61 21 69
1 1 11
2 61 73
6 4 126 3 131 4 148 2 189 1 47 3 88
4 57 25 49 41
4 4 32 5 43 3 77 3 69
4 13 81 21 49
2 5 46 2 35
6 49 45 65 17 53 21
1 4 26
1 81
0
1 17
5 1 136 5 46 1 23 5 90 4 107
4 57 33 25 73
5 3 29 5 40 1 75 2 98 4 115
7 45 25 61 53 49 65 81
0
7 9 81 25 29 73 41 65
1 2 41
7 77 77 77 37 37 29 41
6 5 120 5 112 1 60 1 17 2 55 2 83
7 81 65 77 69 57 69 29
5 5 44 2 106 3 55 5 66 4 83
7 17 25 37 61 69 29 73
8 1 144 5 64 3 182 5 205 3 41 3 84 2 104 2 112
7 69 5 25 13 77 57 69
6 5 5 2 89 1 129 4 25 3 57 4 100
2 13 9
8 5 103 5 66 2 211 2 32 4 55 3 74 5 144 4 182
2 49 77
8 1 87 1 42 3 16 5 79 2 125 5 172 3 11 3 56
4 45 37 57 57
1 1 14
3 29 21 29
8 4 182 2 229 3 26 5 159 1 58 4 107 5 148 4 81
1 9
0
1 73
5 3 41 2 55 1 69 1 97 4 83
6 41 73 5 53 73 41
7 1 80 2 156 5 179 5 127 3 34 4 26 3 45
8 25 33 65 13 81 81 5 5
7 5 206 1 38 1 67 2 81 2 151 5 165 3 104
1 53
5 5 97 3 11 4 75 1 89 3 49
1 61
6 3 52 1 124 3 75 1 89 3 150 3 20
2 17 5
7 4 195 2 209 2 146 1 41 2 79 2 99 2 163
2 33 33
7 5 85 1 120 1 152 3 157 2 168 2 212 2 38
2 5 69
4 5 110 3 90 3 73 5 35
7 77 21 9 13 33 49 49
6 2 115 5 156 2 41 4 55 1 102 5 110
3 53 53 13
6 2 29 2 159 4 52 1 66 5 98 4 133
8 49 45 73 37 17 53 61 17
4 2 81 1 98 5 70 1 38
3 5 61 65
6 4 168 4 17 1 61 3 90 4 101 3 124
7 33 25 17 73 37 29 81
6 5 120 1 172 1 167 5 85 1 47 3 204
4 41 33 13 81
3 4 49 4 90 3 32
1 13
7 1 107 1 52 3 162 5 99 3 179 3 142 4 32
8 77 33 5 33 61 37 53 41
3 5 90 3 5 1 46
5 77 53 21 17 77
0
4 13 25 81 9
1 5 11
3 65 13 41
6 1 49 3 119 3 72 1 142 2 165 5 8
4 81 81 9 9
2 1 55 3 29
7 13 73 25 45 65 53 53
4 1 44 2 85 2 170 5 129
3 65 65 73
3 1 11 4 46 1 57
3 57 65 21
2 1 85 5 44
7 69 29 33 17 37 21 45
1 1 23
3 33 29 65
4 3 26 5 61 4 134 3 102
6 33 33 77 57 65 57
3 5 14 4 39 4 22
7 33 33 45 9 49 37 17
2 4 26 5 55
4 9 25 5 69
0
8 33 65 65 17 81 65 61 61
1 2 38
1 13
2 2 25 5 11
2 5 69
1 5 8
2 25 33
7 1 95 4 150 3 133 1 191 1 57 1 46 4 26
8 9 37 73 33 45 33 21 73
5 3 41 3 96 3 112 2 101 1 88
7 21 81 9 41 29 41 13
1 3 47
1 29
5 2 89 4 51 3 118 5 14 3 43
6 41 57 77 13 13 21
4 3 21 1 8 5 16 5 26
5 73 29 9 37 45
3 3 43 1 51 1 38
4 21 81 25 29
7 3 140 3 148 1 99 1 192 3 221 5 32 5 55
3 49 29 5
7 5 109 3 54 1 150 2 5 3 95 2 16 5 164
1 5
7 5 35 5 178 4 49 5 87 2 219 2 131 5 248
3 17 73 73
0
1 73
4 2 79 1 123 4 167 3 32
4 65 17 69 81
2 4 32 2 40
3 65 69 5
6 5 119 5 157 5 177 3 96 1 47 5 91
6 65 61 13 5 49 37
3 5 120 4 41 2 88
4 13 29 45 41
5 4 95 4 40 2 106 4 17 5 51
5 5 53 9 25 45
2 4 76 2 32
4 33 29 13 61
6 5 178 4 207 3 158 5 47 2 111 3 79
6 25 69 45 41 13 73
8 1 165 4 67 4 148 5 191 5 232 4 44 1 87 4 110
6 5 65 53 61 21 33
1 1 23
5 37 49 41 77 41
3 4 26 3 73 3 105
8 61 77 37 41 45 69 9 25
7 1 95 3 138 2 143 5 26 5 40 1 112 4 84
2 53 69
6 1 26 3 49 1 107 1 72 4 154 3 198
3 29 5 61
8 4 11 3 36 4 81 3 55 5 41 5 22 1 113 2 145
4 33 21 5 81
6 4 70 5 93 1 148 2 122 1 44 2 156
3 53 29 69
5 2 32 2 58 4 81 5 97 3 89
5 17 9 73 9 33
1 3 11
1 57
7 1 75 3 29 5 110 4 34 1 209 3 157 3 171
3 77 25 13
4 4 29 3 34 3 78 5 95
8 65 69 69 41 17 9 61 49
6 4 14 4 112 1 92 4 40 1 141 3 72
6 81 69 25 61 21 13
3 5 96 5 23 2 52
6 13 25 29 73 5 37
2 5 46 3 17
8 17 65 41 73 5 17 25 5
7 2 40 2 32 1 72 4 107 3 148 4 171 2 179
1 61
8 4 49 1 92 2 183 1 136 1 35 2 66 1 224 3 250
8 45 17 65 17 41 65 29 57
4 3 96 5 119 4 32 2 52
5 37 77 25 69 45
6 5 96 4 64 5 56 4 42 5 11 3 19
3 49 9 57
6 3 99 3 17 1 58 1 110 5 121 5 147
8 33 41 33 81 61 61 73 53
4 1 14 1 58 1 72 4 98
3 65 13 17
8 2 52 5 238 2 186 5 227 2 63 2 151 5 23 1 107
1 81
7 3 93 3 17 2 104 1 82 5 46 2 54 5 59
7 13 45 29 21 69 65 49
7 1 69 5 191 2 162 1 37 1 20 2 116 2 154
8 65 41 81 57 57 65 37 25
0
4 49 21 49 33
0
4 65 21 49 81
2 2 43 3 26
3 45 13 37
2 5 34 1 5
8 45 33 25 61 49 25 57 17
4 2 37 5 45 1 53 5 5
7 41 17 9 69 13 13 17
2 2 64 5 41
1 53
2 5 79 1 41
5 21 13 65 5 17
0
6 53 69 53 5 49 61
5 3 91 1 37 1 51 4 77 3 32
7 25 61 77 5 65 9 25
5 2 94 2 20 3 25 1 39 4 86
5 57 17 57 77 5
6 1 93 1 104 2 44 3 156 3 52 5 115
3 29 77 5
2 5 17 4 52
5 29 49 65 65 37
2 3 44 5 79
4 37 37 9 53
6 1 79 1 47 5 117 2 163 4 201 3 158
4 13 9 21 21
1 4 44
1 49
7 3 130 4 177 3 17 2 104 4 52 2 78 5 191
1 17
3 3 40 2 57 2 5
5 41 5 25 49 73
1 3 23
1 17
1 4 41
1 73
6 1 183 2 47 2 145 1 107 3 55 2 81
4 77 81 57 73
0
4 13 57 57 45
3 2 20 1 37 1 81
2 29 9
2 4 47 2 85
5 21 5 49 61 65
3 4 29 2 67 5 111
5 21 77 69 9 25
0
3 9 9 21
6 4 64 5 92 5 72 4 35 2 112 3 153
1 29
0
6 61 45 37 41 25 9
4 5 35 1 52 5 74 1 60
1 69
3 1 61 3 38 3 90
8 57 81 49 45 9 9 81 41
0
5 57 13 21 41 57
6 1 52 2 125 5 90 4 160 3 207 1 5
8 37 73 17 77 57 33 17 33
1 3 38
1 25
8 1 47 4 105 5 238 1 85 5 131 4 154 1 197 5 165
6 61 73 69 73 17 25
4 5 63 2 49 5 95 2 35
4 29 29 77 45
0
5 33 9 57 53 41
3 1 41 3 57 2 52
2 25 65
4 5 113 3 55 5 17 2 78
8 53 73 49 9 69 57 33 57
8 2 142 4 20 5 40 4 54 1 59 2 97 4 114 2 119
4 53 17 73 49
7 1 75 4 171 1 26 2 194 2 67 5 110 3 130
8 81 61 57 49 29 69 37 77
3 5 46 5 20 2 84
3 57 69 37
3 1 73 3 111 1 38
1 5
2 4 34 5 29
3 53 53 17
4 1 60 1 14 1 77 2 43
8 41 5 5 9 81 9 69 73
4 5 43 3 35 2 54 5 77
3 81 13 77
4 5 119 4 41 2 55 2 102
6 77 5 41 61 57 5
6 3 5 2 34 5 111 2 94 3 77 1 54
7 29 41 61 65 29 21 33
1 4 41
4 69 13 81 73
1 5 29
4 57 45 5 9
4 3 20 1 71 5 46 3 57
7 17 81 45 37 65 53 33
3 4 11 2 66 2 55
6 45 73 61 29 5 73
4 4 73 2 96 2 113 1 29
5 61 21 77 25 33
2 5 46 2 38
1 53
4 2 137 2 91 4 108 1 47
7 73 77 25 53 61 65 73
0
2 25 29
4 5 96 4 137 5 44 3 85
3 57 73 73
5 1 143 2 160 2 105 3 44 4 67
4 45 9 53 61
6 4 81 4 95 5 141 5 100 3 38 4 67
3 29 17 17
4 4 125 1 85 2 117 5 38
6 25 69 29 49 81 5
5 2 44 2 181 3 91 4 126 2 161
2 49 45
0
8 49 53 65 29 45 17 53 9
1 2 41
4 77 53 21 81
4 5 37 2 45 1 50 5 23
2 5 41
0
4 81 29 49 53
6 3 139 5 35 2 177 1 108 3 73 2 134
4 65 69 77 37
1 3 38
6 77 45 81 29 13 17
5 2 63 2 101 3 55 5 139 3 41
6 21 33 53 13 5 49
2 2 17 2 40
1 45
7 3 121 4 168 2 110 1 212 3 41 1 73 2 81
1 33
3 2 58 1 47 5 93
6 9 5 21 21 73 29
1 4 47
5 29 29 69 77 13
8 3 17 1 142 4 98 1 185 1 43 2 153 1 229 3 72
5 25 29 69 65 41
2 1 58 2 23
4 29 9 9 69
0
5 17 41 5 25 13
2 1 44 1 61
2 69 25
4 4 8 5 48 4 86 1 34
6 5 69 5 9 41 73
8 3 47 3 235 1 218 1 99 5 88 4 210 1 175 5 146
7 13 61 41 17 53 25 69
0
5 9 57 33 33 41
7 4 183 2 96 2 67 2 140 5 160 1 38 5 230
4 13 65 61 65
5 5 52 2 98 5 63 1 145 1 38
5 33 69 13 69 33
0
3 13 41 41
6 4 24 1 8 5 109 3 19 4 65 4 123
7 73 57 21 81 9 17 41
8 4 227 2 184 1 250 3 213 1 41 5 67 2 114 5 152
4 45 61 41 57
8 5 280 3 269 1 152 4 199 4 47 5 85 3 108 4 225
5 13 29 13 49 49
4 2 38 5 73 1 99 5 107
1 57
5 1 175 5 38 3 73 5 120 1 134
5 33 45 5 49 61
1 1 23
6 29 57 13 53 29 17
6 5 28 1 79 2 8 4 48 5 117 1 59
1 69
3 5 87 4 35 5 46
8 69 25 69 61 33 33 45 33
2 5 37 5 11
6 13 77 49 77 45 37
0
1 21
0
8 5 21 5 29 9 25 13 33
6 2 95 2 127 4 78 5 174 5 47 1 52
4 69 13 81 73
0
7 65 49 69 77 77 57 5
2 1 20 1 61
6 21 77 41 5 73 5
5 1 137 4 41 1 58 1 105 4 145
2 41 45
8 5 150 3 179 5 66 1 11 4 118 3 49 5 92 3 199
4 73 53 17 29
3 5 84 3 37 5 32
5 21 13 77 49 45
7 1 81 1 173 5 116 2 49 1 130 2 5 5 168
6 81 41 61 65 49 21
8 4 100 4 111 2 49 2 72 3 77 3 125 4 157 1 8
6 41 81 57 9 17 49
2 2 49 2 14
5 21 21 69 45 13
3 5 46 4 78 5 8
3 73 81 25
4 1 104 2 11 4 46 1 90
3 13 5 33
3 3 35 1 87 4 79
4 13 61 57 69
6 1 56 5 11 3 25 3 73 4 30 5 90
1 41
4 5 128 1 84 3 44 4 76
5 41 57 77 9 37
6 1 112 3 49 3 60 4 104 2 144 3 32
5 53 29 33 13 49
2 5 32 5 61
7 73 33 33 29 69 17 41
2 4 14 1 40
6 41 25 37 57 49 37
5 1 87 2 122 3 46 4 35 4 169
2 73 49
2 2 88 3 47
6 57 81 9 9 29 69
3 5 5 3 46 4 81
1 9
2 1 79 3 38
6 17 13 9 9 53 29
6 5 165 2 64 3 119 5 75 5 130 4 41
4 49 9 41 5
3 1 52 4 57 1 35
2 81 53
4 2 26 2 55 4 66 2 83
1 21
2 3 43 3 11
8 49 41 5 41 77 5 37 49
2 5 61 2 44
1 21
5 4 99 3 41 1 128 4 145 3 58
4 17 77 69 53
2 2 61 3 38
3 41 77 77
8 3 166 3 214 3 35 4 108 3 189 5 206 4 70 2 155
6 73 25 29 65 17 57
7 2 11 2 159 3 179 3 127 5 28 3 72 4 113
8 41 69 41 61 61 69 73 33
4 5 17 4 116 4 87 2 46
2 9 57
4 4 89 2 69 5 43 1 17
1 65
2 1 70 4 41
2 29 41
2 4 47 5 94
8 9 25 73 65 65 61 69 61
8 3 104 5 23 5 174 4 221 3 256 4 70 4 127 1 81
6 53 5 49 41 33 37
1 2 35
5 53 37 61 21 21
7 3 75 3 104 3 14 5 136 1 61 2 153 4 161
7 41 61 29 57 13 57 73
8 1 59 1 48 5 175 2 94 1 34 1 161 5 138 5 26
5 29 57 73 81 13
8 5 47 1 140 2 73 3 172 3 206 4 180 3 111 3 223
3 17 81 25
5 1 157 2 78 3 32 4 70 3 110
6 41 53 5 53 73 77
4 5 63 4 98 3 28 5 8
5 33 69 13 53 25
5 2 33 3 16 4 5 2 74 2 100
6 13 53 33 33 73 53
7 4 230 4 184 2 47 5 225 4 129 3 167 2 85
4 21 33 29 73
8 5 17 1 130 5 220 5 179 3 52 3 98 4 84 4 171
5 53 5 41 77 73
6 1 99 5 177 4 146 1 38 3 166 4 55
4 77 69 17 29
5 1 151 1 11 3 40 1 78 4 104
8 21 9 33 33 77 29 73 37
0
6 29 25 69 25 73 61
5 4 13 4 142 5 8 5 101 5 60
7 57 73 21 5 61 21 41
0
8 65 21 37 53 77 21 61 21
3 2 69 1 8 3 31
8 9 45 69 65 33 53 65 61
6 5 70 2 78 3 103 3 144 2 95 5 23
4 49 77 21 21
6 2 121 1 64 5 81 1 95 2 144 5 29
2 77 37
7 3 130 5 144 4 89 3 161 3 26 5 42 3 31
7 73 33 5 77 57 5 69
8 5 220 2 8 1 63 4 34 5 165 4 142 3 185 1 98
2 25 17
2 4 5 1 19
4 37 17 49 65
4 2 82 3 99 5 143 1 44
2 5 77
6 2 88 4 111 5 8 1 31 5 48 1 56
6 53 17 37 77 73 41
3 5 20 4 57 3 40
8 13 37 29 33 53 5 69 37
5 4 47 4 82 3 158 1 178 5 120
2 69 69
4 2 90 3 38 4 82 2 116
7 45 81 57 45 81 45 45
7 5 46 4 92 4 5 5 57 5 100 3 114 3 158
1 65
4 1 28 5 63 3 83 3 14
3 21 33 45
7 3 84 3 191 1 98 4 127 5 159 2 29 1 40
6 65 13 45 73 77 65
5 3 47 5 116 3 163 2 87 4 52
7 29 61 45 21 5 17 13
4 2 86 3 43 5 29 4 66
1 17
6 2 124 5 34 3 116 5 135 1 72 4 20
4 69 45 81 37
2 3 32 1 70
6 77 17 37 45 69 29
8 5 233 5 152 3 187 3 29 1 201 2 241 2 67 5 108
7 37 29 57 21 53 41 73
8 4 23 2 55 4 72 5 83 1 97 5 117 4 158 2 169
4 73 33 53 29
3 2 38 4 55 4 90
3 57 57 77
2 1 8 2 43
5 81 81 81 13 33
4 2 61 4 44 2 87 3 134
6 9 65 37 5 69 9
4 4 22 3 66 1 104 3 14
7 9 81 29 41 61 77 73
6 5 92 5 109 2 126 2 26 3 70 4 81
4 49 77 77 33
8 3 8 2 125 2 47 1 79 3 96 1 157 1 13 2 27
5 25 53 21 17 49
3 1 23 4 43 3 75
4 61 77 29 41
1 4 32
5 21 57 37 53 25
6 4 133 1 119 1 47 2 168 2 88 5 105
8 57 33 5 37 37 29 53 57
6 2 117 1 47 3 88 5 169 3 161 1 189
3 9 13 25
2 5 55 4 23
4 73 69 25 73
3 1 32 4 37 3 75
3 29 33 65
8 5 130 3 40 2 11 4 196 4 162 2 173 2 78 2 86
8 45 57 73 77 5 29 9 37
0
6 13 9 37 45 65 41
4 2 46 1 131 5 87 2 14
4 9 29 21 45
1 4 47
2 73 33
1 3 32
1 41
6 5 43 1 66 1 17 2 142 4 189 2 101
1 49
5 5 26 4 72 5 110 2 40 1 127
3 41 45 13
8 3 179 3 23 2 156 2 34 3 69 2 223 3 127 5 101
4 13 49 45 53
0
2 9 13
1 4 26
7 77 53 49 45 73 53 17
2 2 20 1 25
7 61 13 61 37 25 73 5
8 4 106 3 11 3 16 2 86 4 24 2 35 1 40 2 51
4 17 5 53 5
2 2 11 5 31
7 65 41 21 45 17 73 61
3 3 82 3 129 5 47
5 61 81 21 33 49
1 4 41
4 5 9 33 33
1 3 41
6 49 77 73 77 13 9
2 5 20 1 28
6 81 69 81 69 13 65
2 5 58 3 38
7 49 65 61 61 57 17 53
0
8 37 41 33 13 29 13 17 65
0
3 29 45 57
5 1 69 5 92 5 40 2 106 5 8
5 41 37 77 37 17
7 4 43 4 66 4 148 2 191 2 107 3 162 4 5
1 53
0
6 57 41 49 13 21 37
8 1 172 4 102 3 50 1 140 5 88 1 20 2 28 3 39
3 61 41 65
5 3 54 5 14 1 133 5 49 4 92
8 77 45 57 65 29 25 37 29
3 2 75 3 58 3 11
8 13 77 77 77 73 77 41 57
4 3 55 5 96 2 104 4 38
6 65 21 65 13 29 57
4 3 23 3 28 3 60 2 65
6 61 45 81 5 65 21
6 3 102 4 47 4 88 2 52 1 66 5 71
4 61 9 29 65
7 1 48 2 29 4 74 4 34 4 79 2 99 3 143
2 57 37
3 3 61 5 23 4 72
1 57
6 3 40 1 142 5 32 5 84 3 95 5 189
7 33 37 61 49 77 45 65
3 4 44 2 91 5 102
0
