34   87   47   84   55   -3  -33   29
50   22  -47   72   34  -15   43    0
41   27   -9  -18  -44   67   86  -94
33   31   82  -90   60  -21   61   29
23   59  -38  -16   54   30   63  -42
30   74   80  -80  -50  -27  -29  -53
16   71  -20    6  -21  -35   13    2
13   71   12   66   23  -28   -5    2
37    6   36  -67   87   -2  -58  -76
33   46  -56   14  -56  -35   11   -5
38    9 -100  -44  -95  -37    8  -38
 5  100  -73  -70  -59  -28  -18   21
27   87    5   16  -34   -3   40   30
18    2   94   13   50  -46  -93  -23
 2   81  -17   51  -79   91   63   28
41   30    8  -99  -88   91  -28   -8
10   28   59   75  -77  -52  -46   -8
 7   84   55  -17  -48   62   10  -53
 4   20   98  -10   84   61   69   44
47   24   -5  -87   67   17    6   25
30   89  -50  -83   12    4    9   96
35   65  -22   54   25   88 -100   95
28   66  -16   15  -42  -98  -92    9
26    8   23   96   70  -72  -29  -87
36   94   82    4  -76  -10   -1   26
27    5  -21  -72  -35  -71   73   96
 5   19  -40   86  -91  -82   -5   89
25   44   35  -59   46  -95  -96   88
45   91  -59  -50  -74   -9   77  -20
43   65  -42   83   86  -69   79   13
23   29   -2   98  -93   43   87  -72
12   11  -31  -45  -24  -76   93   52
21   37  -99   86  -25   28  -35   93
33   59   76  -31    5    4   32   -7
 3  100  -10  -51   73  -74  -22  -68
32   31  -12   73   21  -70   24   31
50   97  -34  -61   54   32  -68  -63
27   67  -44  -40  -39   88   53   53
37    8   53  -10  -81  -70   22   16
49   73  -61  -52   91   13   29   55
 7    2   45   -7  -24   27  -20  -69
22    5   -9   45  -26   94  -53   92
28   51  -19    6   80   54   72    7
47   82    5  -47   24  -67  -92  -38
26   86   55  -96  -21  -65  -65   13
49   91  -43   46  -80  -46   38   57
33   56  -38   84   22   85  -10  -65
 1   56  -12   18   28  -54   81    6
22   68   10   78  -30   -5  -10   92
45    3  -12   43   52  -75   -1   56
29   90   39  -34   -4   80  -49  -10
 4   49   59  -48   36  -11    8  -16
18   47  -38   95  -38    2   86   85
50   91   27   51  -52   76  -44   93
37   26  -92   33   24  -41   74  -52
37   61  -50  -67   71   58  -32   -6
 1   49  -12   37   82  -76   21   81
40    3  -19   -4  -77   37  -62  -40
10   52   94  -95  -45   67  -97   53
 5   30   87  -82   61  -96  -38  -15
28    1  -78  -35   25   -7   97   72
43   96  -83   14   65  -45   74   97
42   70   52  -44  -17   56  -91  -19
24   62   -1   20   50   62   55  -67
28   35  -52   87  -30  -56   58   61
 6   59  -26   87   81   98   83   83
17   53   89   48  -61   48  -71   99
 2   81  -32   93   90  -78   76  -99
15   56   88   70  -82   -4  -20  -60
40   75  -74   52    1   59  -16   66
39   67  -36  -18  -80   -7  -70  -36
50   38  -94  -39  -29   83  -38   71
24   59   40   25   -4  -81   66   17
 8   15  -82   74  -49    3   40   -6
26   89   26   46  -54   57  -91   17
21  100   78  -75   49  -60   96  -45
24   48   80   36  -46   -5  -98   27
 8   16    1  -62  -27   91  -18   99
32   22   -5   40   14    4  -44   19
32   17   -6   69  -76  -10  -77  -36
39   81   50   80  -52    2    6   86
28   86  -77   -4   47    5  -56  -60
 8   45   80   77   94   87   -5  -87
19    6   83   95  -71   56  -92    4
42   76  -17    8   60   90   -7   82
 6   83  -23  -57   22   22  -67   85
27   94   62  -97  100  -94  -83   20
30   78   14   25   55  -28  -71  -86
45   18   22  -11  -99   65  -30   -2
24   29   41   54   70   74  -12   80
14   56   84  -14  -94 -100  -95    2
34   86   78  -46   41   57  -32  -30
19    4   59  -80    5  -71   18  -14
18   27   90   -4   32  -22  -75  -31
37   56    5  -67   59   11  -14  -42
30   22   13  -29  -81   31   41  -63
34   73  -93  -24  -71   25   62   56
24   15  -99  -85   80  -74  -16  -94
33    5  -60   44  100   26  -98   30
10   63 -100    8   46   -9   45   67
23   23  -58   20  -73   55  -25   11
22   77   26  -15  -47   60   -9  -62
 8   60   32   -2   57  -16  -73  -55
35   99   53  -55  -82   -2   62   10
40   60  -71  -73    9  -45  -12   65
 1   79  100  -16   73  -60  -28  -29
27   68   19  -72  -12   46  -26   88
32   76   83   -9  -26   -6 -100  -76
14   58  -98    7  -15  -10  -29   16
33   82 -100  -74  -39  -28   -3   33
43   52   11   15   11   35  -48   84
 8    9  -25   36  -22  -75   11   27
 5   78   84  -10   53  -95  -94  -94
14   61  -67  -64  -72   30   19  -45
41   84   20   57   15   72   41   77
29   40   13  -67   91   74   10   97
38   29  -64   89   -1   93   96  -26
16   71   11   28    8  -71   83   54
 8   98   11  -25  -77  -99  -49   29
11   29   62    7  -13  -78  -47   23
41   77   12   15  -18    7   89   82
 8   67    9   93  -71   -9   47  -62
35   96  -37   16  -42   15  -56   75
 9   94  -69  -34   78  -15   89  -57
 1   26   58   57   57   -3   38  -59
44   35  -66   75  -13   31   64   80
 5   62   -5   96   -9   39   20  -30
13   83  -14  -28   86  -26  -34  -40
 2   65  -83  -69  -30   55  -77   67
10   29   41  -62   38    4   69   25
21   53  -30   72  -98   90  -59  -53
 2   13   19  -74    2   35  -64   77
33   55   58   29   59   81   -5   10
20   37   -2   25  -60  -34  100   21
16   15   -7  -68  -92  -16  -21  -51
 3   22  -75  -37  -17  -89   90   42
15   36  -30   74   28   16  -17  -35
50   56   91   42   48   40  -87  -73
24   87  -91   18   40  -12   17  -49
12   91  -36   18    4  -47  -91   69
43   25   42  -22   46   75   -7  -53
 2   77   39  -98   74   52   80   33
32   76 -100   -2  -74   18   49  -38
 3   69   30   13   67   40  -69   17
34   78   45   15   -3  -62   12   53
34   98    5   95   53  -65  -23   10
31   94  -93 -100   96    7  -88   55
49   61  -32   87  -69   -1    4 -100
11   81  -35   19   87   27  -29  -42
39   58  -98  -70   62  -20   40   35
14   92   35    3  -46   47  -43  -26
31   44  -40  -30   75   14  -79   47
20   33  -35  -51   64  -13    7  -59
38   80  -29   25   40   61  -41  -53
43   31    0   12  -59   57   86  -70
12   35  -49    7   10  -28  -47   73
20   43  -78  -79   55  -21  -88   18
19   54  -58  -72  -56  -48  -25    2
35   20  -86   88  -18   50   69  -86
38    3   21  -94   -9   74   79   49
 5   12   21   97   81   33   14   19
23    6   -2   61   59   23  -38    5
 1   46   -8   30   77  -40   -6   22
 4   27   28   20   88  -43  -81   79
18   65   75   88  -28  -61  -43   89
24   38   49    4  -73  -89  -92  -25
10   66   55   64  -39  -52  -14   40
22   96  -90  100  -80  -71   79   79
41   26   16   91   42   23   80  -63
29   13   41  -45  -11   -1   30  -73
50   71   91  -90   33  -74    0   46
38   64   45   61  -11  -27  -11  -93
29   58   99  -32   28   28    6   56
46   41  -90  -55  -54   40  -28   96
 7   53   56    8  -61  -95  -47  -71
 4   62   40   55   72  -71   63   48
47   31   66   12  -62  -79  -33   94
 1   93  -62  -86   18   10   60   -8
46   99  100   62   20  -98   41   86
35    2   41  -28  -41  -47   70  -57
40   64   56   52    7   73   45  -25
 2   50  -61  -32  -57   99   60   16
 3   26  -73   83  -38   18   19   63
12   20  -66  -93  -38  -97  -49   76
44   82   27   46   29  -79   71  -21
39   95   -3   49  -93  -43  -86  -30
14   99  -98   79   60   21   42    8
49   26  -34   42   30   17   17   69
48   73   14   52  -85  -16   82   70
 4   98  -32  -50  -15  -17  -30  -99
50   55   31  -66   44  -28   -7  -77
29   98   66  -23  -75  -18  -55  -52
36   98  100  -59   93   31   61  -65
30   35  -15  -56  -38    5   97   37
31   27   71  -79   99  -87   95   46
17   16   74   47   93  -82   95  -82
27    1  -91  -30  -25   20    6  -66
48   17  -71   61  -54  -75  -53   24
19   66   -5  -50   82  -11   96    4
13    4  -50   92   38  -55   60  -85
35   70  -15  -86  -62   91  -51   38
16   52  -52   28  -97   -4  -49    5
 3   82   55   96   85    0   -1   84
25   29   75   57   95   34   22   84
14   67   98  -59   48   97   29  -71
41   51   57   78  -78  -93  -18  -64
14   55  -68  -63   37   31  -79   56
 2   74  -38  -76  -20   84   58  -18
50   78  -27  -13    2  -99   16  -73
23   92  -96   51   80  -63   38  -18
44   40   20   10  -50   -9  -35  -19
47   35    5   16  -90  -37   49   51
25   36   88  -80   74  -46   98    2
24   91  -98  -44   90   40  -12  -88
41   69   23   10  -52   38   41  -15
 4   61   51   76  -42  -51   26   77
41   22   48  -56   18   -5   -4   94
20   71  100  -64  -62  -12  -51   -3
34   17   57  -56  -41   -3  -21  -76
 4   64   51    1  -21  -24  -72    0
19   77   -6  -43  -80   90  -99  -32
 8   82  -46  -25  -62    3   23  -66
13   10  -72   85   27    7   59   70
32   43  -80   15   86  -52   65  -25
50   23  -17   -5   98  -66   13  -65
24    4   10  -77  -80  -68  -93   95
 5    8   79   89   -8   38   58   28
37   91  -57   82   77  -93  -93  -50
49   22   45  -87  -26  -43   99  -42
 5   34  -69   95   -9  -62   89   53
20   29   -9  -35  -45  -52   94    1
 2   66  -67    3   94  -60   53  -91
50    6   74   54  -45   72  -89  -21
18    8  -77  -28  -69  -88  -76  -45
19   71   20   85   14  -37  -65  -60
 8   44   43  -57  -42  -54  -48   38
41   41  -59   49   -2  -47   79  -22
43   31   50  -73   64   75  -68   -7
43   93  -23   54   66   13   45  -85
31    9  -42   90  -17  -40   27   27
26   58  -24  -16   72  -96   62   68
31   41   95   20   87   78  -88  -74
49   73   30  -55   53  -76  -40  -17
48   21  -28   45   79   50  -28   65
24   70   99  -61    2   10   57  -93
25   55   27   58  -22  -10   34   58
15   24  -97  -18  -62  -87   15    0
41    3  -55  -40  -13  -33   75   55
 9   18   44  -34  -18  -50  -27  -96
16   78   12  -71  -60   97   87   70
37   28  -99   49   54   16  -51  -65
21   68   -5  -10  -39  -31   95  -75
37   36  -59  -27   38  -36  -73  -11
47   35  -32  -96   36  -46   74   -4
 3    9  -56   -2  -59  -57   33   95
12   77  -15   -2  -54  -71   23  -63
 2   81  -40  -95   79  -12  -56   93
25    2   98   13   17   21   59  -39
26   83   59  -63   97   -9  -69   84
 2   36  -18   14   -4   55    1   14
29   50   19  -53   99   14   90   76
17   91  -62   -8  -42   97   53    4
22   10   -9   -4   52  -28  -21  -81
26   51   33   85  -34   84   -2   35
15   80   32   -7  -70   21  -81  -94
28    6  -52   16  -96  -99   70    4
46   11  100   65   32  -72   84  -80
 9    2  -96  -95  -50  -48   40   45
15   97   89  100   92   58  -95  -51
10   28   15   69  -95  -16  -78  -83
30   36   82   77 -100   16   97   40
14   63   45   83   54  -16   28   23
50   42   23  -54  -77  -22   -4   88
20   37    7  -13  -55   29  -45   39
15   88   15  -49    2  -38   91  -16
39   24  -33   17   69   45  -60  -27
45   67   19   84   91   65   21  -27
35    4   10   21    7   65  -41    8
46   91   59  -47   37   -1  -12    0
41    9   67   52  100  -94  -76   60
 2   52   43  -40  -92  -87  -17   34
48   49  -46  -52    8  -37   56  -41
43   35  -38  -76  -88    0   24   96
23   56   47  -97  -53   21   13   17
10   37   27   72  -81  -91  -45  -90
45   25  -42    9   23  -87   18  -90
22   56  -65  -61  -70    9  -66   86
 4   31   39   98  -49  -48  -36  -86
 9   53   37  -74  100   92   87   51
31   22  -90   24   58   28  -16  -66
 8   59  -27   90   79  -43   25   28
 3    5  -25   89  -35   39  -97  -27
 7   47  -51  -22  -19  -64   80  -18
11   49   56   39  -33  -60   23  -24
32   57  -35  -13  -97   90   66   42
19   60   30  -32   30  -17   -9   59
 8   58   88  -96   26   67  -14  -43
29   38   96  -78  -68  -32   -2   41
35   26   79   69  -48   44   10  -45
45   24  -27  -87  -27   14   73   96
47   13  100  -20   26  -14   37  -19
40   29  -47   10   50   52 -100   65
15   25  -17  -33  -28   43  -28  -94
32   20   70   55  -92   42   51  -89
14   19   -9   77   86   78  -93  -87
30   29  -27  -91   63  -26   24   27
30   90   94   25   -1  -85  -19   81
25   12   36   18   93  -64  -20   94
35   43   71  -28   -1   28  -15   58
42   32   17  -49  -68   91   79  -66
36   84    9   96   38   90   27   98
18   15   16   33  -52   96   26   84
36   39  -95  -86   75   -9   23  -37
26   25   15   82   31  -57  -85  -73
36   92  -77  -48  -36    0  -50  -46
21   39   87   60   11   13   -7   77
39   43   42  -17   90  -36   47   39
36   97   20   34  -46  -15   62   69
48   55   72   75  -66   72   79   46
41   52  -45   48  -72   48  -26   37
47   40   71   86  -71   17   24  -67
19   20   67   32  -21  -22    0   89
14   16   63   47   93   42  -58  -21
31   96   77   86  -55  -49   22   -9
14   57  -23  -54   59   51  -21  -64
45   95   18   74  -76  -82   62   87
40   20   34  -68   67   26  -39   74
 1   56   59  -32   90  -70    9  -95
39   78  -49   82  -13  -20   69  -69
 4   88  -96    0  -46   16  -64  -56
41   72  -74    7  -54  -63  -20  -31
42   28  -13   65  -81   96   71  -58
 5   24  -77  -32  -48   42  -51  -22
27   31   78  -68  -31   64  -24  -90
45    7   17  -20   40   48   49   15
29   77  -20    5  -70 -100   -3   62
50   59   80  -77  -88   79  -49   91
 9   15  -77  -99   43   -1  -89   77
16   35  -44  -59  -75   55   56   12
34   56   67   70   86  -36  -18   58
 1   69   31   47   41   83   38  -28
 4   88  -27    3  -91  -16  -21   11
13   87   52   88  -61    8   -1   79
25   18   49  -21  -20   81   87  -86
37   10   11  -18   -1   99   55  -90
18   17  -37  -31   12   43   80  -76
11   95  -89  -83   90  -39   96  -68
35   53  -39   57  -26  -53   21  -84
 5   14  -52   64   81  -98   74  -11
 7    2    8   -8   30  -12   16    7
47   10   24    9   38   20   -9   65
33   53  -29  -62   50   92  -96  -36
28   53  -72    4  -45  -99   43   86
11   12  -73   18  -11   -7  -75  -92
14   75  -33  -42  -82   58  -78   83
29   65  -80  -40   86  -76  -26    9
 5   81  -88  -19  -46   56  -34  -58
24   43   11   96   86  -14  -97    6
44   26   64  -97   78   36   86  -62
25   30  -52   66   80   22  -26  -45
18   35  -13  -72   43   53  -30   -1
26   52   -6   32  -84  -53  -63  -99
34   40   55   95  -13  -10  -68  -34
33   28   82  -76   53  -44  -21   77
22   93   55  -65  -81   75  -16  -85
 8   48   47   22   25   85  -27   42
 1   58   36  -79   17   69  -62   62
27   62   86   51  -25  -85  -23   18
11   72    3    0   57   37   15  -38
30   14   84   39   47  -93  -20  -19
17   60  -47   52  -15   -9   13  -17
24   36   85  -14  -36  -89  -97   45
33   89  -55   50   94   10  -89   59
 6   63   -3  -82   52   28  -50   87
27   88  -12   79   44   51  -89  -97
28   52  -11   64   58  -57    9   51
33   54    0  -57   64  -39   52  -64
15   92  -46    8   27    4  -56   71
34   46   49  -50  -68   10  -46   83
47   56   46  -87   36  -96   14   86
 3    4   80  -78  -26   31  -42  -71
36   92  -13  -44   67   31  -74  -27
37   58   24   96  -65   78   78  -59
21   91  -96   57  -22   18   -8   36
12   96   58   55   53   66   34  -18
42   54  -11   95    2  -35  -33  -35
17   11  -40   76   18  -63   67   39
41   81  -55   38  -12   37  -26  -82
30   64   23   11   48  -94   43   26
18   70   20  -20   -3   37   45  -63
 1   55  -88   46   92   79  -16    1
19   56   90   87  -84  -37  -96   25
16   79  -65   -8  -17   28  -83  -39
 6   18   -9  -94   75   86  -57  -48
24  100   98   81   34  -68  -69  -18
24   57  -32  -23  -67  -78  -99   79
 5   20  -80  -18   15  -62   -7  -76
 9   29  -70  -51   69  -77    1    8
30   62  -62   62  -69  -80   94   -8
42   45   70   75   84   21   53   83
24   85  -36   23   61   58   -3  -64
10   92  -15  -90    0   37   18   28
36   38  -61  -84   27   83  -42   17
46   44  -59   27   -1   94    9    7
31   18   80  -73  -20  -24  -37   22
40   94   32    2  -65  100   80   71
38   41   37   83   51   95  -50   -6
43   39  -80  -29  -15  -21   28   52
18   68   79  -68   83   93   54   35
 9   42   87   26  -16   16   -4   41
29   52   23  -66  -74   73  -22   49
 3   17   70   -1   27   -3  -50  -22
15   74   10   36   71  -87  -80  -39
19   58   37   33   22   83  -27   56
 8   36   40   92   19  -83  -10   33
24   82  -69   42   57  -69   71   11
15   31   97   31  -56  -83   92   42
20   78  -76   -4  -39   -3  -99  -74
20   40   68   12    9  -43  -56   25
26   15  -84  -76  -44   87   35  -85
20   70   46  -39   -2  -12   53  -28
 8   97   18  -73  -76   19  -97  -83
50   26  -21   20   79   23  -56   -5
12   78   19   54  -53  -97   70  -86
19   17  -75   33  -98   78  -96   19
20   67   -3   30   42    0   -3   52
 4   31  -29  100  -51   15   -6   48
19   77    1   23   17  -30   37  -99
21   90  -15  -12  -11  -61  -93   95
14   21  -26  -47   54   21   55   75
23   44   74   -3  -59  -82  -56   67
29    9  -11  -52   66   76 -100    1
 2   48   39   77   24   46   21   86
49   38   89    4  -35   44  -22   13
13   77  -91   11   71  -47  -22  -48
14   37  -50   13   -7  -50  -87   80
15   13   56   60  -52  -24   45   99
 8   72    2  -64  -73   30   49   -3
18   54  -93  -98   61  -65  -46    8
42   73  -79  -55  -45   85  -76   41
27   20  -50  -14  -94   95  -16   78
 6    2   64  -45  -85   12    2  -52
39    8 -100   30  -55  -95   88   98
42   25   93   15   44  -83  -95   81
13   53  -34    4 -100    0  -69  -72
48   95  -66  -99  -44   36  100  -75
 9   68    5   42  -96   -7   39  -36
12   72   80   45   -1   35   26   97
50    1  -50   91   -8  -18  -82  -23
37   31  -72  -17   39  -73  -42  -66
15   52   76   82  -94  -35  -54  -93
15   91   53  -55   10  -72   92  -50
23   98  -60  -39  -27  -41  -11    0
43   11   83  100   -5   91   85  -28
31   84  -47   60  -76  -51   68   71
50   81   66  -15   -2   57   35  -33
33   52   29  -79   85   68   21   96
33   92   46   29  -56   30 -100   48
39   97  -42  -36  -47   76   85  -72
33   27   13   -7  -43  -53   60   56
24   63   78    7  -95  -52  -47  -60
 8   83   19   -4  -22  -30   94   17
24   60   31   27  -74  -34   55  -79
23   33   14   74  -85  -76   30   88
 9   40  -55  -82    5   -2  -92   57
 2   71  -98   24   47   97  -60  -80
37   57   -2  -76   88  -98   96   54
24   30   27   86  -16  -44   23   -4
23   80  -36  -82  -85  -28   25  -39
14   33   35  -54   24   76  -83   21
 8   37   -5  -16  -83   -9   88   88
19   92   73   85   71  -54  -20  -67
18   14  -49   30   17   77   41  -84
50   54  -37   78  -99  -70  -52  -52
 1   98  -18   12   35  -31    0  -65
 3   56  -81    3  -32  -51   37  -68
49    2   62  -89  -36    2  -73   18
48   54   -5   29   20   -6   77   65
27   95  -23  -28   27   27    7  -40
30   28   63   68  -25  -51  100   70
17   16   81  -49   63  -93   70   -9
 2   28  -81   18  -42   47  -17   96
26   89  -33  -18  -64   24   42   85
50   33   52   76    4    1   45   -9
22   55   -8   25  -68  -39   66  -20
32    3   49  -16  -19  -69  -20  -64
 6   69  -32   27   72  -91  -39  -29
24   30  -54   17  -36   41   58   77
48   38  -49   99  -39  -84  -72  -63
35   29   22   33   58   52   19  -52
 2   30   25   70   46   87   92   59
10   48  -74   64   29   34  -10  -56
41   94  -58   46    7  -29   83   59
22   64   -9   56  -95  -91   54  -96
45   90   24   41  -85   15  -51   65
26   76  -22   82   60   69  -75   -7
26   43   89   17  -11   72  -25  -14
23   48   92   82   25   46   86   20
37   54  -90   90  -76  -41    4  -23
12   18  -42  -56  -50  -17  -13   10
23   73   77   90   48  -49  -74   23
43   42    4   -9   13  -61  -90  -13
40   93  -74   23   80   30   50  -36
43    7  -42  -38  -60   -4   22   42
23   49  -19  -81   -1    7   42  -35
29   80   56   88  -15   16  -75   84
 8   77  -44  -34   32  -95  -20   -6
20   11   56  -97   35  -72   -5  -94
 8   36  -75   76  -67   67  -60    8
31   41  -55   99   12  -30   32   49
41   85  -86   54   44  -56  -53    7
38   75   10  -83   81  -96  -77  -43
28   29   83   13   66  -78   71   28
31   23  -24  -19  -64  -92   80  -42
 1   56  -89  -10   88  -42   97  -29
36   38  -12   92  -40   12   99   41
40   58  -47   25  -97   75  -97   22
39   42   53   77  -63   32  -65   84
25   26  -26  -37  -45  -30  -16  -34
10    5  -93   37  -17  -94  -73   94
 9   63  -32   40  -45  -29  -38   96
 5   52   22   38   47    7   22  -79
27   27  -66    9  -85   18   75   -8
41   21   80   23   38  -94  -34   25
15   96  -86   -8   56  -24  -63  -94
30   61   -5   88  -84  -84   59  -30
25   55   79  -23  -39   53   70    1
 5   80   75  -78    5  -60   -3   43
 5    3   85  -69   38   73   88   79
14   57   16  -52  -52  -75   19   60
15   15  -63  -71 -100   57  -19  -65
10   79  -93   60  -55    5  -48   21
50   74   52    4   60   39  -67  -59
47   50  -61  -81   74   58   80   42
50   30   22  -95   73  -98   91   78
47   37   37  -48  -48   40   73  -82
21   38  -27  -14   64    6  -23   35
 4   10    4   79  -26  -17  -30  -71
36   20   85   72   -6   75   49    1
32   78    4  -76   76  -74   93    2
39   13   88  -86   71  -36   -1   26
43   16    4   54  -64   24   83  -15
46   22  -43   10   -9   56   62  -87
50   90   88   67   92   80  -82  -58
34   56  -94   16  -81    5  -59    0
 3    5  -47   -6  -81  -64   29  -65
23   40   -5   95   -8  -44  -93  -67
17   65   51  -87   24   69  -45   19
11   81  -65   -6  -33  -24   94   25
42    4   69   41  -67   -2   26   36
18   56   30   25   78  -13   59   99
35   83  -89   56  -73  -83  -76   52
22    8   97  -54  -14   90   72  -93
36    5   -2  -81   88   74    6  -79
14   92   -4   21  -27  -96   20    4
 9   54  -91  -59   -2  -66   43  -23
14   89  -26  -21   29   96  -64  -35
24   59  -65  -27    7   41  -56  -99
12   42   22   99   -5   92    3    8
31   38   49   21   -4   -8   49   40
 4    6   69    9  -83  -95   25    2
28   32   25   97    0   69   98  -75
 8   59   75    4  -39  -73  -89   34
48   30  -46   86  -98  -98  -25   83
45   25  -58   92   99   67  -56  -12
43   24  -16   76  -12  -69   51   -3
10   92   51   61    2   12  -56   92
10   54   77   75  -49  -99    8   77
23   34   68   94  -84   62  -19   -8
 4   17  -83   69   46   68  -85   96
25   16   57   -5   78 -100  -14   51
40   15  -25  -49  -87   83  -73   59
 1   83   52  -52    7  -68  -10   88
13   12    6  -58  -25  -29  -63  -32
17   35   63   14   -5  100  -36   -6
37   78   45   26  -28   22  -16    5
 7   38    3   24  -83   94  -39   14
38   91   56   25   38   43   43  -26
27    2   88   82  -95  -98  -75   67
15   11   -8   64  -58   26  -82  -41
34   50   33   28  -35   44  -59   15
29  100   91   98  -10  -17  -79   27
 5   98  -42   -6  -89  -17  -89    3
40   50  -34   97   80  -15  -95  -10
20   21  -82   72  -68  -91  -64  -57
18    7   91   97  -40  -88  -27   49
39   98  -57   33   64  -46  -65   68
31   87   14  -64  -14   19   27   93
28    3   14   91  -46   51   84   61
45   88   57   87   86  -71   36    7
23   64  -61  -26   33  -76   92   90
 6   65  -74   12   74    3  -45   32
14   17  -28  -49  -31  -45   63   97
 2   66   33   65   -1  -82  -29   59
40   38  -68  -71   35   74  -81   61
 6   24  -77  -98  -52  -72  -16   96
34   16  -54  -84  -90   59   63   89
23   95   53   27   14  -76  -65  -90
47   52  -60  -81   92  -91   31  -80
44   37   73  -98  -18  -44   98  -72
19   16   95   72   53   57   60   81
11   95  -43   66  -13   -8   76   72
47   96   91  -48   75  -29  -28  -21
 7   11  -19  -94  -50  -22  -65  -39
34   73   83   75   87   42   55   89
10   17    4   41    3  -71  -38   64
25   25  -85   20  -26  -13  100  100
47   36  -95   31    9   91   42   31
32   31    5   57  -85  -41   -5  -80
19    7   11  -27  -73   74  -64   73
20   41   -7  -50  -12  -58  -51   19
36   28  100   81   96   41   11  -85
16   30   22  -70  -76  -84  -50  -56
21   50   18   93  -16   54   65  -40
16   18   11   94   -1   60   13   72
27   56   52   61  -97  -87   26  -83
12   79   98  -97  -86   98  -53   80
46   28   72   93  -81   36  -47   75
10   87   68   93  -27  -70   14   89
37   86   -1   46  -71  -76   13  -93
43   10  -90   88  -42  -92   67   17
50   27   10   42   74   13  -34   17
37   84  -40   -1  -86   74  -63    7
30   68  -98   69   61   16   77   33
28    5   20   85   45  -64  -48  -82
44   79   10   -2  -76   27   65  -50
38   97   -1  -25   49  -13   83  -12
43   85  -43   83  -50   84  -34   77
 1   17   12  -85   73   64  -67   -4
27   89   94  -51  -31   59  -51   30
29    6  -95  -19   85   38   20  -93
27   60   40  -27   10  -95  -51   80
22   76   95   14  -26  -73   60   -1
37   32   48   40  -88   97  -30   45
30   99   77  -21   13   -4  -14   85
17   85  -43   32   82  -43  -39  -27
36   74   37   93  -67   -3   -9    4
39   69  -56  -88   86  -36    7  -70
 2   60   10   52   29   46   36    1
 3   10   83  -46 -100  -56  -23   18
16   22   10  -17  -39   52   88  -39
 3   86  -77   26  -55  -20   57   34
28    7  -65   93   12   71   -6  -66
 7   86  -62  -86  -30   15  -17   20
48   54  -97   40   -6   41   51  -66
16   71   11  -84  -96  -83    0  -32
16   85  -90   45  -45  -46   29  -30
27   47  -16    1  -68   17  -79   11
10   85  -99   54   15   52   89  -64
17   28  -98  -70  -34  -48  -52  -51
25   88   44   42   13  -27  -89   94
18   68  -56   72   63  -35  -67  -78
48    8   77  -46   36   15  -10  -89
 2   85   92   80   -6  -61   79  -70
42   39   73   61   45   84    4  -15
21   39  -94   43   64   90   15   53
36   11   58   10   56  -53  -29  -31
47   44   99   34  -48   77   65    0
 8   22  -40   44  -80   14  -72 -100
31   16   -7  -75   75  -93   28   49
32   99  -42   55  -17  -21  -76   23
33   28  -44   95   50   71  -56   99
15   88   -8  -72  -82  -29   79  -70
37   77  -45   81  -72   34  -21  -73
27   40   83    1   67   57   74    8
32   20  -48  -22   51   -3  -74   59
 9   57   37   20   90   15   51   96
33   44   76   14  -61  -45   42  -42
 1   60    9    8  -70  -17   67    9
 5   40   38   64  -85   64  -28   67
15   66  -63   72   23   88   17  -42
 4   60   23   33  -52  -86   41   40
 6   20  -52  -32  -68   65   77  -55
41   87  -91   -1  -72  -19  -35  -90
43   31   33   63   90  -51   72  -17
29   52   66  -10    8    6  -70   96
24   32  -87  -12   93   40   33  -25
24   18   74  -68   74   90   93  -87
26   41   76   82   25   47  -86   67
24   86  -43   -2  -65  -63  -57  -10
48   97   78  -43   47  -39  -18   51
 1   74   83   26   46   25   39   37
 7   93  -32   25   62  -18  -59   53
 9   50  -50  -54  -15  -56  -13   50
34   55   57   97  -25   90   47  -72
17   11   54   -9  -96  -57   78  -96
16   94   29  -31   28   70  -79   40
13   29   86  -47  -34  -28  -97  -34
48   32  -37   62   49  -91   40   -6
 9   60   35  -57  -13   13  -53   95
 8   73  -87  -64  -55   86   26  -87
31   32  -33   74  -16  -80  -61   21
48   61  -17  -21  -38  -78   23    1
43   50   -6   53   21   -9   -3  -71
45   61  -85  -39  -54   -8  -75  -97
32   54   27  -63  -38   66   59   92
44   37  -80  -70   64   44  -19   81
15   74  -17  -78  -35   81  -99  -69
31   99  -58  -63  -42  -33   91  -89
 2   72  100   21  -68    8   13  -50
 4   86  -20   63  -74   11   43   78
46   82  100    0   57   51   31   48
46   58   85   76   91   75   38  -50
35   64   71  -27   95  -67  -26   94
11   38   56   93  -85   -1   21  -50
30   73    1   82  -79   82   29   39
45   49   14  -54   88  -49   -4  -72
46   95  -49  -18  -50   25  -25  -84
 9   69   59   95  -20  -21  -56    5
42   30  -14   21   27   65  -41  -69
49   84  -73  -86   75   23  -58  -38
24   41   -5   40   69   20    6   98
22   67   92   31   -6   86  -65   94
49   64   14  -93  -65   23   89  -88
 4   47  -74  -81  -11  -82  -68   79
20   83   18   81   97   74   78   -2
32   43  -72  -68  -46  -86   76   35
45   91   42  -29   62  -19  -67   57
11   49   77   36  -72   59   15  -60
11   74  -80  -69    7   48   29  -55
29   54  -23  -29   22  -98  -95   57
32   36   78   53   79  -89    9  -75
21   92   11  -51   44  -75  -10   79
 2   80  -90  -85  -92  -11  -40  -76
41   58   -5   18  -11    1  -25  -20
27    4   83   27  -37  -59    2  -16
25   26  -16  -80   89   24   50   -3
26   55   12   92   99   72  -84   96
25   22  -37   47   62  -12   77   10
24   36   87   54  100  -12   89  -74
24   91  -53   90   46   47  -14   29
19   86   21  -46  -31   37  100   27
11   99  -77   60    1  100  -31  -59
49   76   46    7   -6  -16   34   -5
30   99  -16  -99  -23   20   30  -17
47   28   37   36  -13  -13  -88  -15
32   81  -56 -100   35  -37   93  -58
41   91    0   14   72  -67  -92  -73
19   91  -72   91   63    8  -27  -70
32   54   16   46   97  -21  -70   -4
 8   77  -53  100  -62  -61   92    7
 6    4   71  -52  -26   80  -75   88
 3   76   28   35  -39   51   65   20
42   55  -34    7   10  -54   54   24
11   68  -27    9   90  -85   66  -34
44   37   14   81  -34   39   18  -62
 3   35   73   53   97  -12  -27  -43
22  100   15   29   35  -32  -48  -95
11   41  -36  -93   -9   81  -27   47
24   15   27   33  -75   96   71   17
40   39  -31  -63   81   -8  -55  100
15   72   28   16  -73   81  -29  -55
18   41  -98   -3  -34  -25  -57   33
20   18  -85   87   16   36  -47    7
41   79   -6   60   65   39   59   45
24   54  -40  -25  -83  -18  -30  -77
42   30  -30  -67   -3  -37   16  -42
40   40   95  100  -34  -53    6   -6
 2    5  -97  -16  -11   63  -72   38
 8   68  -88   67   21  -17   90  -12
11   35  -29  -98  -28   87  -40  -94
33   69  -95   83  -48  -38  -74   22
41   37  -95    1   43   85  -62   42
16   51  -42   44  -16   98   82   89
11   22   91  -72  -62  -99  -66    5
12   21  -13  -92  -98  -37   31  -86
16   32  -35   86   20  -46  -23   -7
28   45   87  -11   32   68  -23   38
49   45   17   58  -81    1  -38  -75
32   86   84   -7   63   14  -43  -95
31   37   42  -30   77  -82   64   82
44   92  -30  -65  -32   47   24   88
 2   48   -4   84   41   58   59   83
35   97  -75   20  -94  -17  -25  -94
10   78  -23   32  -65   91   13   39
40   19   74  -42   29  -53  -54  -56
34   61  -73   79  -51   37   61  -44
 9   70   26  -15  -32  -99  -58  -77
 9   68   55  -98  -91  -83   41  -51
14   47    8  -21   12   54   23   50
 2   86   28   -6   87  -62    1  -35
20   50    1  -58  -73   43  -85   96
11   50   98   71   38  -11  -81  -12
36   43   67   66  -70  -61   15  -25
 5   52   20  -24  -70  -80   -9  -96
 2   76  -54   75  -16  -39   70  -55
 6    5  -85  -30  -95   86   58    9
28   12  -75   -7   13   40   68   52
40   96  -73   13  -43  -31   17  -46
34    3  -72   -5   75   48  -10    6
13   39   76  -30  -59   33   29    3
44   83   96  -31  -56   14   72   27
11    7   90  -92  -83  -43  -88  -72
18   39  -27   44   38   63 -100   52
21   16   72  -41  -91  -49   63   66
34   62   86   99  -79   57  -25   73
42   13   31   23  -28   43   51  -59
43    1   36   71   36  -14   22   55
36   68   64  -80   45   26   37   -1
11    1  -52  -45  -22  -27   78   83
30   77  -45   10  -50   56   52  -17
37   29  -47  -35   23   76  -81  -16
31   79  -45  -87  -41   92  -38  -57
 1    7  -52   41   34  -74  -27  -79
34   99  -18   35  -16  -67  -83  -87
50   50  -72   -7  -54   98   77  -35
49   56  -72   39   73  -10   82  -15
 5   93   76  -16  -94  -51  -45  -10
11    4  -76  -89   20   93   75   40
39    8  -68  -91  100   60  -26   30
15   43  -32   14   42 -100   49  -58
 9   31   26   37   74   32  -74    1
17   95   12   89   94  -63  -22  -94
24   92   66   90  -80  -61  -31   61
14   85  -26   83  -13  -77   76  -83
 5   22   54  -29   83   31   72  -49
10    3   90  -25  -30  -33  -69  -40
 4   37  -51   -2   86   18  -41  -74
13   13   59  -58    6   34  -41  -97
43   98  -26   18   -6   96   19   76
48   26 -100  -51  -24  -69    9   54
19   11  -48   63   76  -39   39   81
30   70   73  -50   82   82  -47   17
47    2   85   39  -27    4   14  -48
18    1    2   88   -5   61   42  -28
37   45   85  -56  -96   23   75   48
45    4   48   52  -21   52  -32   24
21   79  -37    2    6   27   55  -82
47   23   56  -14   67   -3   59   86
39   11   81   95  -84   55   -7   87
 4   53   38  -69   42   56   55   71
16   16  -27  -36   45  -73  -68   36
42   24  -79   50  -65   30   36  -75
36   97   71   90  -80  -87   76  -78
 5   21  -47   46  -82   59   16  -75
28   77  -61  -30   16  -29   56   -1
17   94  -51  -56  -43   85  -81  -70
 8    3   70  -30   53   -5   -7   57
46   10  -48   76  -46   68   52   81
34   42 -100   73  -88   57  -28   72
39   49  -85   -9  -45   85  -28    5
32   81   75  -73   37  -83   84  -56
40   36   71   18   54   22  -52   61
27   60   33  -76  -95   55   96  -11
21   97   80  -20   -4  -49   85  -80
39   29  -53   30   27   82   74  -60
30   58    9  -30  -85   57  -70  -72
40   53  -48   61  -32   99  100   -6
45   38   74  -96   31   59  -76   74
15   78    3   95   54  -73   86  -30
40   88   41   37 -100   21   65   57
27   43  -33  -47   15  -33   47  -76
28   81  -72   27  -72  -97  -49   -4
18   37  -59   29  -19  -74   99  -98
20   23  -11  -80  -90  -97   77   95
48    1  -53  -65  -89   44  -41  -93
14   82  -16  -58  -60  -15   39  -85
40   67   -6  -80   56   -7  -78  -75
48   62  -55   -8  -36   73  -13   85
 6    3  -81   28   79  -72  -15   93
 7   63  -66  -44  -96   23  -79   44
 8   46   14  -93   59   37   83  -10
41   83   83  -88    1  -81   97  -83
43   20   -5  -69   44   80  -77  -92
24   56  -86  -48   31  -64   46   34
45    3   41   10   47  -26   50   -6
21   98  -44    3    1  -98  -30   55
19   95   86  -39   -6   60  -80   42
41   52   45  -52  -80  -60   82   72
12   53  -69   47   47   82   92   -1
46   47   52   65 -100  -79  -31   18
17   23   80   80   64  100  -29  -19
 2   65   30  -96  -94   11   26  -94
33   16   54  -70  -11   45   29    2
47    2  -84   42  -49  -15  -40   37
36   37  -34  -47   89  -12   35   22
25   87   26  -91  -25  -98  -84  -91
14   17  -61   99  -36   19    0  -95
 8   35   -2 -100  -99   58   37  -59
 1   36   -5  -15  -59   80  -94  -56
11   24  -46  -32  -65  -80  -23   95
23   50   43   54   86   93    9   34
43    6   34  -89   14  -79  -48  -90
 8   47   -5   66   26  -48  -91  -31
15   98   38   20   84  -86  -36  -27
34   94  -74  -84   49  -14   51  -92
26    3   70   57  -45  -79   67  -71
 3   31   45   95  -36    5  -36   -1
15   67  -82  -48   66  -68   25   98
43   72  -87   37   88   14   -5  -71
39   69   86  -47  -14    3  -67   55
17   42   49   29  -68  -88  -73    1
26   45   53   30  -23  -73   27  -35
22   97   52   16  -96  -53   46   53
35   49   56   -3   84   39  -49  -52
33   86   77  -51   63  -97   50   27
 8   17  -44  -75  -20   33  -60   59
15   69  -25   77   90   71  -21  -50
37   60   48   36   24   49   84   91
49   66  -60   12   64   40  -62   63
15   14   38  -78   77   79   81   -1
47   77  -74   60   26    5   60  -22
26   30  -87  -86  -94   47   55    5
19   91  -84  -79  -15  -96   34  -73
15   22  100   75  -51   30  -76  -81
36   88   29   62   55  -61  -61   96
12   33   60  -48   50   14    8  -44
12   37  -73   -6  -21   61  -29  -23
 9   87  -98  -69    0  -74  -99   86
35   87   -2   81   19  -13   26   66
23   77   68  -61  100  -25  -55  -92
24   71  -48   79   84  -27  -45   66
 3   28   98   43   84   49  -21  -91
22   12   91   -2  -87  -34  -87    3
48    5   -8    1  -94  -12    9    6
22   70  -16  -56   84  -11  -90  -74
33   25   19  -20    6   98  -10  -16
25   74   82   38   -4   95   91   98
48   89   -2   32   21  -94  -63  -69
16   90  -25  -50   60  -65  -74  -94
16   20  -13   99   -7   27  -17  -83
35   82    5  -98  -91   -5   51   35
28   11  -34   -2  -95  -47  -21  -28
13   27  -27  -67  -10   -1  -60  -67
30   24   82  -62  -97  -36  -45   10
 5   10  -38  -12  -96  -88  -78   33
29   73   81  -84   -9  -40  -12   65
10   85   98  -96   61  -63  -63   55
25   72   93   17  -67   98   77  -38
21   73   50  -38   52   22   95   63
 9   98   79 -100   85  -33   65   -1
 3   32    4   38  100   -9  -57  -36
 1   65   31  -56   34    8    6   91
17   26  -48   99   28   97   62  -62
21   38  -62    6   57   54  -95  -15
28   59  -78  -35   50  -85   29  -90
 3   41  -46  -15   18   60  -25   15
 7   55   13  -56  -26  -26  -18   96
25   78    2   71  -77  -43  -45   39
 6    6   55  -35   94  -67  -75   45
27   19  -71   11   40  -45  -75    5
12   69   -1   57   63   81   53   77
 5   92   -2  -26  -89    3   64   27
17   47   92  -25    1   68  -81   -5
39   81  -95   36  -96   82   92   37
 5   28  -57  -68  -29   46  -91  -28
25   58   -4   11   60  -41  -63   92
16   94  -34   79   47  -65  -27   -7
32   33  -71   89  -91   71  -25  -21
19   17   12  -19  -86  -29    3   15
34   27  -75  -63  -42  -87  -72   36
38   83   14  -11  -70   87   32   65
 9   50   54  -76  -19   79  -47   42
29   85   73  -88  -65  -24   27   13
49   87   51  -17  -35   29  -82  -93
21   24  -54    4  -32   79  -32  -67
25   14  -93   71   51  -40  -38   48
24   14   60  -90  -40  -64   24  -15
26   81   69   54    3   37   62  -74
16   95  -20  -13   36   49  -30   76
33   10   -4  -80   38   58   69   13
 3    4   23   53   15  -54  -63   54
20    7    7   74   43  -82   50   12
45   23   99  -38   29  -81   88  -52
12   75  -81   84  -60   38   -4   33
13   94  -65  -70  -85  -28   84  -64
45   47  -91   21  -41    9  -68   36
46   89   99  -83  100   86  -84  -54
42   55  -71  -41   23   26   42  -12
46   85   19   10  100    2   46  -73
48   31   -2   53   65   30  -12  -47
12   38  -29  -40   73  -63  -44   92
13   74 -100   45   61   -7   83  -45
15   83   66  -82   54  -39   96  -54
19   67   49   31   73   88   34  -67
 5   64  -57   46   92   -1  -13  -87
39   60    8   -5  -19  -59   50    0
46   37   19  -55   27  -36  -58  -57
14   52   24  -20   28  -93   13    2
 8   63   98    4   55  -65  -32  -11
 1   21   84   54  -84  -17  -97    9
 6   85    4  -75   87   46  -82   -6
42   46   74  -86   -1  -63   16  -39
23   67   66  -52   49  -67  -13   72
 9    1  -25   26    3  -22   85   52
32   44   77  -13  -66   45   31   21
25   63   35   36   -9  -99   97   85
35   35   83   64   -5  -31   35  -46
16   55   30   42  -63   14   -6   38
48   62  -76   86   66    5  -44   52
23   39  -13  -50   43  -66   85   58
28   91   21   92  -65  -95   96  -26
42   11   67   52   89  -90  -60   40
31   73   26   -4   20   82  -52  -21
41   74   29   66   19   14   23   66
37   70   57  -34  -52    2  -10   63
40   29  -35  -86  -84    5   54   48
43   19  -57   89   62   -9  -33  -66
19   84 -100   96  -40   23   61   40
17   73   56   15   69   97  -72   95
 0
