5   1 6  2 1  8 2  10 6  6 8
17  5 1  9 0.5  11.5 3.5  10 8.5  7.5 10  5 8.5  5.5 7  7 8.5  6.5 7  7.5 8  7.5 6  9 7  10 4  7 3.5  8 1  7 1.5  6 2.5


3 2 1 0.5 3.5 8 5
5 1.5 3 2 7 6.5 6.5 6.5 3.25 4 4.5


6 -2 0 -1 -2 1 -2 2 0 1 2 -1 2
4 0 -3 1 -1 2 2 -1 0


4 -1 -1 1 -1 1 1 -1 1
8 -2 -2 0 -2 2 -2 2 0 2 2 0 2 -2 2 -2 0


50
1000 0
992 125
968 248
929 368
876 481
809 587
728 684
637 770
535 844
425 904
309 951
187 982
62 998
-62 998
-187 982
-309 951
-425 904
-535 844
-637 770
-728 684
-809 587
-876 481
-929 368
-968 248
-992 125
-1000 0
-992 -125
-968 -248
-929 -368
-876 -481
-809 -587
-728 -684
-637 -770
-535 -844
-425 -904
-309 -951
-187 -982
-62 -998
62 -998
187 -982
309 -951
425 -904
535 -844
637 -770
728 -684
809 -587
876 -481
929 -368
968 -248
992 -125

50
998 62
982 187
951 309
904 425
844 535
770 637
684 728
587 809
481 876
368 929
248 968
125 992
0 1000
-125 992
-248 968
-368 929
-481 876
-587 809
-684 728
-770 637
-844 535
-904 425
-951 309
-982 187
-998 62
-998 -62
-982 -187
-951 -309
-904 -425
-844 -535
-770 -637
-684 -728
-587 -809
-481 -876
-368 -929
-248 -968
-125 -992
0 -1000
125 -992
248 -968
368 -929
481 -876
587 -809
684 -728
770 -637
844 -535
904 -425
951 -309
982 -187
998 -62

0
0
